Memcached with T =1 thread, C=1 core
run 1
#type       avg     std     min      p5     p10     p50     p67     p75     p80     p85     p90     p95     p99    p999   p9999      QPS   target       ts_start         ts_end
read      217.1    72.2    93.8   146.0   156.2   204.8   226.6   239.1   250.4   265.3   287.6   328.1   420.5  1060.9  1388.6   4892.5     5000  1778109523475  1778109525737
read      275.3    82.0    86.8   152.9   172.9   271.0   309.7   329.2   342.6   359.2   378.9   408.5   475.0   584.0  1556.7  15029.5    15000  1778109527241  1778109529479
read      304.7   115.4    86.8   147.7   166.6   307.0   354.1   376.4   392.7   410.6   433.0   467.6   542.3   686.1  3713.3  25073.0    25000  1778109530983  1778109533181
read      309.1   116.8    80.4   142.0   160.7   306.2   365.2   393.4   412.6   434.0   462.0   502.8   586.4   713.4  1499.8  34775.0    35000  1778109534685  1778109536887
read      318.6   145.2    80.4   142.6   161.4   310.7   377.3   409.7   430.9   455.3   485.3   531.3   620.3   855.3  4079.6  44878.0    45000  1778109538391  1778109540592
read      323.3   136.4    80.4   141.3   161.9   308.4   380.0   417.2   442.2   470.5   506.5   557.0   656.3   796.9  1615.1  55145.5    55000  1778109542095  1778109544294
read      359.0   148.1    80.4   152.9   178.5   344.8   414.6   454.1   482.5   515.3   555.6   615.4   750.1   970.1  2077.2  65038.0    65000  1778109545797  1778109547998
read      898.4   384.0   127.6   633.9   673.2   800.4   851.7   882.4   924.5  1168.6  1440.3  1571.2  1733.5  7123.0  9080.6  72295.5    75000  1778109549502  1778109551701
read      963.4   399.9   118.1   714.8   751.8   853.2   898.4   926.1   943.5  1087.4  1573.0  1690.2  1842.3  7230.3  8111.1  68614.0    85000  1778109553205  1778109555407
read      915.9   405.4   101.3   646.6   682.4   807.3   860.1   900.8   938.0  1293.7  1477.6  1595.7  1745.4  7189.6  9020.5  71907.4    95000  1778109556910  1778109559109
read      873.2   379.2   137.8   637.0   661.6   766.3   805.4   843.4   870.0  1281.6  1423.5  1526.5  1673.3  7050.1  9204.9  75519.4   105000  1778109560612  1778109562811
read      853.8   367.1   148.8   605.3   637.3   745.1   796.3   837.6   875.3  1260.1  1379.8  1480.3  1622.6  7096.5  8017.7  77156.2   115000  1778109564314  1778109566516
read      968.5   412.3   160.7   703.6   742.1   858.4   909.8   937.5   980.4  1187.1  1563.9  1689.2  1854.6  7258.0  9180.3  68361.0   125000  1778109568019  1778109570219
run 2
#type       avg     std     min      p5     p10     p50     p67     p75     p80     p85     p90     p95     p99    p999   p9999      QPS   target       ts_start         ts_end
read      239.5    90.8   109.4   163.5   175.9   228.9   251.0   265.0   274.7   289.1   308.6   339.9   412.6  1087.2  3776.3   4895.0     5000  1778109878663  1778109880917
read      268.1    83.3    93.8   152.8   172.8   260.6   296.7   316.8   331.2   346.6   368.4   400.9   468.3   593.0  2201.9  14940.0    15000  1778109882420  1778109884658
read      289.2    99.6    80.4   149.6   167.0   282.7   333.5   357.9   373.7   392.9   416.0   450.3   521.3   599.8  1099.7  25045.0    25000  1778109886163  1778109888364
read      302.3   129.7    86.8   143.1   161.3   293.5   354.9   383.9   402.8   425.9   453.1   492.3   570.8   686.2  3657.4  35085.0    35000  1778109889868  1778109892067
read      312.1   155.4    74.4   139.5   158.1   293.5   365.3   400.8   424.7   451.6   484.6   533.5   633.5  1283.0  4070.4  45020.5    45000  1778109893570  1778109895768
read      329.3   146.2    74.4   144.4   165.1   312.8   384.1   421.9   448.6   478.5   514.5   568.3   676.7   939.3  3243.8  54774.5    55000  1778109897272  1778109899472
read      343.4   167.0    80.4   148.3   171.0   323.6   396.4   436.1   464.3   496.8   536.7   592.9   725.1  1264.6  4054.4  65284.1    65000  1778109900976  1778109903173
read      918.8   377.9   109.4   648.9   695.2   820.2   867.1   908.4   939.2  1218.3  1492.4  1610.7  1772.0  7096.8  7962.4  70791.5    75000  1778109904677  1778109906876
read      897.0   381.3   148.8   640.0   669.6   787.1   838.6   869.2   923.3  1310.7  1453.7  1563.3  1721.1  7048.9  7700.4  73224.5    85000  1778109908380  1778109910581
read      846.2   361.8   148.8   588.9   619.7   737.5   790.0   832.2   905.8  1260.4  1367.9  1467.0  1606.6  6945.8  7726.4  77653.5    95000  1778109912085  1778109914282
read      945.5   411.0   148.8   693.7   718.1   833.5   875.2   915.4   940.5  1345.2  1539.0  1649.4  1806.7  7221.8 10749.5  69868.5   105000  1778109915785  1778109917984
read      918.9   411.0   137.8   654.2   693.5   806.7   855.7   888.9   929.6  1314.3  1494.1  1597.7  1739.4  7202.6  9119.7  71896.0   115000  1778109919488  1778109921687
read      957.1   450.2   187.4   698.2   725.9   841.4   888.0   923.3   951.9  1349.0  1553.0  1667.5  1821.8  7265.4 14463.3  69312.4   125000  1778109923191  1778109925391
run 3
#type       avg     std     min      p5     p10     p50     p67     p75     p80     p85     p90     p95     p99    p999   p9999      QPS   target       ts_start         ts_end
read      233.8   154.3   109.4   160.5   169.5   219.8   241.2   254.0   265.1   277.2   295.0   330.2   419.3  1929.0  8148.3   4929.5     5000  1778109939077  1778109941343
read      267.5    92.2    86.8   153.1   172.7   259.4   295.6   316.4   330.9   346.3   368.2   398.4   463.8   724.5  2994.2  14941.0    15000  1778109942848  1778109945089
read      294.0   103.8    80.4   148.4   166.4   289.4   339.2   363.7   380.4   399.6   423.9   459.3   532.3   640.1  2999.7  24855.5    25000  1778109946593  1778109948793
read      310.9   139.8    80.4   144.5   163.3   301.7   364.0   393.4   413.5   435.9   464.0   504.3   591.6  1203.7  4073.3  34919.8    35000  1778109950298  1778109952497
read      317.9   128.4    80.4   141.6   161.0   306.5   376.0   409.4   432.6   459.0   491.5   538.8   633.0   785.9  1680.4  45089.5    45000  1778109954001  1778109956199
read      357.4   162.3    80.4   151.9   175.0   339.1   413.2   452.7   480.6   513.8   557.7   628.5   797.9  1066.1  3446.9  55085.5    55000  1778109957703  1778109959908
read      315.9   160.8    74.4   138.4   157.4   289.3   366.4   406.7   434.4   466.1   505.2   564.1   686.8   972.0  4396.9  65073.7    65000  1778109961413  1778109963614
read      839.4   374.0    86.8   533.9   607.4   753.4   805.2   849.2   892.3  1200.3  1363.8  1483.8  1658.3  7060.6  7546.8  74387.0    75000  1778109965118  1778109967316
read      917.2   404.6   173.5   653.3   692.1   805.3   857.5   895.9   934.9  1308.7  1474.6  1585.9  1740.8  7230.8  8336.1  71975.1    85000  1778109968820  1778109971019
read      939.4   402.9   148.8   680.7   710.6   825.3   869.2   911.4   941.4  1360.2  1530.5  1632.0  1780.1  7218.8  8068.5  70245.4    95000  1778109972522  1778109974722
read      854.7   367.8   173.5   608.1   642.9   749.7   796.9   834.3   868.9  1240.6  1389.0  1488.4  1616.2  7109.5  8530.4  76975.5   105000  1778109976226  1778109978425
read      861.9   375.6    93.8   606.0   639.0   747.6   798.6   843.1   903.3  1295.8  1399.0  1487.3  1622.9  7094.5  8096.5  76310.4   115000  1778109979930  1778109982134
read      893.6   381.6   137.8   650.9   683.0   784.5   829.2   859.9   898.4  1293.1  1457.0  1561.6  1707.8  7133.7  9181.1  73878.8   125000  1778109983637  1778109985837

Memcached with T =1 thread, C=2 cores
run 1
#type       avg     std     min      p5     p10     p50     p67     p75     p80     p85     p90     p95     p99    p999   p9999      QPS   target       ts_start         ts_end
read      238.9   116.9   101.3   160.6   171.5   226.4   249.9   263.7   273.3   287.7   306.6   336.8   422.1  1949.3  5987.3   4950.0     5000  1778110079298  1778110081553
read      273.7   107.8    93.8   156.2   174.9   265.1   303.0   323.5   338.8   355.9   375.2   404.8   469.9   867.7  3676.1  15045.0    15000  1778110083057  1778110085296
read      303.6   107.8    86.8   151.9   170.4   299.4   351.1   376.8   394.6   414.8   438.9   474.9   549.5   663.8  2761.6  25231.5    25000  1778110086799  1778110088999
read      306.0   128.0    86.8   146.7   164.8   294.7   358.8   389.6   410.3   433.0   461.0   501.1   581.2   726.6  2994.3  34967.5    35000  1778110090503  1778110092701
read      311.2   152.8    74.4   139.4   157.7   293.6   367.5   403.3   427.7   454.5   486.9   533.8   623.5   769.2  3741.3  45513.0    45000  1778110094205  1778110096405
read      316.8   135.6    74.4   140.6   159.5   295.7   373.0   411.7   437.2   467.1   503.0   553.5   650.7   807.5  1885.7  55008.0    55000  1778110097909  1778110100110
read      336.4   151.4    74.4   146.9   169.2   317.3   389.9   430.3   458.6   490.4   529.0   585.2   698.8   872.4  3998.4  64851.5    65000  1778110101614  1778110103813
read      930.4   403.4   101.3   649.6   702.7   833.8   879.9   918.4   942.5  1202.6  1518.8  1646.7  1816.6  7143.6  9029.4  69600.8    75000  1778110105317  1778110107518
read      859.8   387.0   173.5   603.4   640.5   754.7   804.2   846.9   887.3  1238.9  1387.5  1491.5  1664.5  7074.7 10607.2  76364.5    85000  1778110109021  1778110111223
read      892.0   385.0   109.4   634.8   664.5   783.0   835.0   867.0   919.5  1301.3  1446.2  1555.7  1713.2  7116.9  9599.5  73840.0    95000  1778110112727  1778110114926
read      898.6   383.8   202.4   650.7   683.5   788.5   835.7   863.7   905.9  1306.1  1461.2  1568.2  1716.3  7124.4  9441.0  73358.0   105000  1778110116430  1778110118627
read      830.9   368.5   160.7   583.0   612.3   725.7   777.3   809.2   866.8  1212.6  1338.5  1447.2  1600.8  7057.0  8928.0  79232.0   115000  1778110120131  1778110122336
read      883.5   376.4   148.8   645.9   671.1   776.3   818.6   853.6   883.2  1286.2  1437.7  1545.0  1696.1  7130.1  8070.7  74658.0   125000  1778110123840  1778110126042
run 2
#type       avg     std     min      p5     p10     p50     p67     p75     p80     p85     p90     p95     p99    p999   p9999      QPS   target       ts_start         ts_end
read      236.9   109.3   109.4   162.7   174.7   226.0   247.7   260.6   270.3   283.3   301.6   334.2   403.8  1094.7  6469.4   4920.0     5000  1778110155068  1778110157322
read      271.9    87.5    86.8   156.9   176.4   265.1   301.0   320.4   335.9   353.0   373.5   403.1   461.8   633.1  2882.5  14973.0    15000  1778110158826  1778110161063
read      301.2   106.7    80.4   150.6   169.4   296.8   348.3   374.1   391.5   410.3   433.2   467.9   543.4   645.7  2882.4  24917.0    25000  1778110162567  1778110164766
read      302.0   115.7    80.4   145.7   163.3   290.5   354.9   385.4   404.7   428.0   455.8   495.4   573.2   685.5  1577.0  34994.0    35000  1778110166270  1778110168472
read      305.8   124.7    74.4   140.2   158.0   287.8   361.2   395.9   419.6   445.9   476.3   522.3   611.6   748.9  1665.3  45041.6    45000  1778110169976  1778110172177
read      317.5   139.3    74.4   141.1   160.4   295.3   371.9   411.5   438.2   468.3   503.9   556.3   659.7   831.4  3072.1  55058.2    55000  1778110173681  1778110175878
read      336.5   145.4    68.9   146.3   168.2   317.6   390.8   430.6   458.9   491.6   531.9   589.2   707.8   871.8  2994.5  64892.0    65000  1778110177383  1778110179583
read      823.0   366.1    86.8   505.1   587.4   741.4   795.8   837.9   875.4  1145.8  1337.8  1465.6  1612.8  6719.8  7924.4  74244.5    75000  1778110181087  1778110183287
read      868.1   386.3   187.4   618.7   654.3   765.8   806.6   845.0   870.6  1205.3  1413.1  1520.9  1670.6  7164.0  9062.0  75680.5    85000  1778110184791  1778110186991
read      896.1   377.1   118.1   642.1   669.3   790.2   843.4   872.4   925.0  1293.2  1441.8  1558.6  1721.8  7153.0  8027.5  73512.0    95000  1778110188494  1778110190694
read      820.1   375.5   118.1   559.5   599.8   719.8   771.0   804.5   864.2  1200.1  1328.1  1432.6  1582.6  7015.0  9054.0  79999.5   105000  1778110192199  1778110194398
read      862.0   366.9   118.1   620.0   650.1   753.6   798.8   836.8   869.9  1286.4  1403.6  1494.1  1628.9  7048.4  8101.9  76492.0   115000  1778110195902  1778110198104
read      814.4   349.3   118.1   585.4   609.5   708.9   747.7   787.9   833.1  1223.4  1329.0  1419.7  1557.3  6521.6  8972.6  80739.0   125000  1778110199609  1778110201814
run 3
#type       avg     std     min      p5     p10     p50     p67     p75     p80     p85     p90     p95     p99    p999   p9999      QPS   target       ts_start         ts_end
read      214.4   112.3    93.8   147.6   157.1   202.6   223.7   234.7   244.4   254.8   272.3   301.8   379.9  1091.4  6990.4   4889.5     5000  1778110271750  1778110274005
read      279.2    95.0    86.8   159.9   178.2   270.1   309.6   331.5   346.0   364.9   387.9   422.2   496.1   623.4  3117.6  14786.5    15000  1778110275510  1778110277745
read      303.8   109.4    80.4   149.6   169.0   297.8   352.6   378.4   396.0   416.2   439.8   476.0   550.6   702.0  2196.6  25196.2    25000  1778110279249  1778110281450
read      308.7   133.2    74.4   142.9   161.9   297.8   362.8   393.3   414.1   436.5   464.7   505.7   594.0   930.1  2737.8  34861.5    35000  1778110282953  1778110285152
read      310.7   129.1    80.4   142.5   161.0   293.5   365.8   400.5   424.2   450.7   483.4   533.4   626.4   767.4  2199.2  45036.5    45000  1778110286656  1778110288855
read      322.3   149.4    74.4   141.4   161.3   303.8   376.2   414.0   440.2   469.7   506.5   560.0   662.7   858.0  3851.7  54581.1    55000  1778110290359  1778110292561
read      326.4   145.1    74.4   140.4   161.3   301.7   377.5   420.6   450.4   484.6   527.5   587.1   698.9   881.4  1815.8  65021.5    65000  1778110294066  1778110296264
read      531.1   291.2    80.4   194.3   238.5   490.9   600.1   662.2   705.8   755.4   838.0  1049.1  1390.0  1689.9  7459.0  74910.5    75000  1778110297768  1778110299969
read      847.4   364.4   118.1   603.9   645.1   748.4   792.7   822.4   859.6  1194.5  1393.5  1486.5  1614.2  7024.3  7535.0  76733.5    85000  1778110301473  1778110303677
read      857.3   373.3   109.4   611.8   646.7   751.6   796.7   831.8   865.3  1247.5  1399.4  1496.5  1631.1  7063.6  8614.9  76735.5    95000  1778110305182  1778110307382
read      817.8   352.6   118.1   589.1   611.8   710.9   748.7   790.3   843.5  1232.5  1334.0  1423.1  1557.5  6945.8  8651.9  80311.8   105000  1778110308886  1778110311087
read      902.1   393.0   148.8   650.7   683.1   794.2   843.4   869.6   916.6  1292.2  1460.4  1571.3  1721.6  7210.8  8927.2  73183.9   115000  1778110312591  1778110314800
read      890.9   375.5   118.1   646.4   673.1   781.4   827.7   860.2   903.5  1309.4  1448.4  1554.0  1704.4  7104.3  7978.6  73964.5   125000  1778110316305  1778110318508

Memcached with T =1 thread, C=3 cores
run 1
#type       avg     std     min      p5     p10     p50     p67     p75     p80     p85     p90     p95     p99    p999   p9999      QPS   target       ts_start         ts_end
read      222.5    74.0   109.4   152.1   162.7   213.0   234.9   248.5   258.2   270.5   287.1   314.9   388.8  1037.0  2997.9   4892.5     5000  1778110376589  1778110378853
read      269.4    86.5    93.8   156.5   175.0   261.7   296.5   317.4   332.6   349.2   371.8   405.2   474.6   564.5  3001.2  14823.5    15000  1778110380356  1778110382598
read      290.2    99.1    86.8   148.6   166.5   283.1   334.3   360.1   377.3   396.8   420.9   455.9   522.6   614.6  1021.9  24817.0    25000  1778110384101  1778110386300
read      308.8   118.0    80.4   144.6   163.3   299.0   363.0   394.2   415.5   438.6   466.9   507.6   590.3   704.2  1568.6  35159.0    35000  1778110387803  1778110390006
read      314.2   152.0    80.4   143.0   161.6   295.1   368.7   403.2   427.2   453.7   485.8   534.8   635.7  1081.3  4337.3  45144.5    45000  1778110391510  1778110393714
read      323.1   138.4    80.4   144.3   163.7   302.5   379.1   418.0   444.6   474.0   511.0   565.5   668.2   877.4  2201.3  54822.3    55000  1778110395217  1778110397417
read      380.3   246.6    74.4   149.4   172.6   332.7   417.3   463.8   498.9   541.5   603.9   794.0  1175.4  2068.3  6468.4  64858.5    65000  1778110398920  1778110401122
read      530.7   300.9    74.4   187.5   229.7   487.1   611.0   673.8   714.9   759.8   822.1  1052.9  1463.7  1735.5  7386.9  74848.5    75000  1778110402625  1778110404834
read      858.4   376.9   109.4   604.2   639.1   755.1   803.7   845.7   881.7  1237.2  1387.9  1492.4  1657.2  7114.9  9626.8  76491.0    85000  1778110406337  1778110408539
read      863.3   368.5   202.4   620.6   652.6   756.9   798.4   834.0   867.9  1275.4  1411.8  1502.7  1631.0  7075.1  7968.7  76201.8    95000  1778110410043  1778110412243
read      902.9   388.8   127.6   657.9   694.2   794.5   840.2   865.2   903.3  1278.5  1471.1  1577.5  1722.4  7169.9  9350.0  73161.5   105000  1778110413746  1778110415947
read      884.9   381.6   187.4   645.3   670.2   777.0   821.7   856.3   891.7  1293.0  1437.5  1541.8  1698.2  7124.5  8884.7  74631.7   115000  1778110417451  1778110419651
read      819.7   355.4   148.8   557.9   590.8   708.6   766.9   815.2  1028.3  1223.4  1317.8  1411.1  1577.4  6509.8  8068.9  80245.6   125000  1778110421155  1778110423353
run 2
#type       avg     std     min      p5     p10     p50     p67     p75     p80     p85     p90     p95     p99    p999   p9999      QPS   target       ts_start         ts_end
read      237.0    81.9   101.3   159.1   170.5   225.3   249.6   263.9   273.7   288.3   308.9   350.6   432.3  1075.3  2994.5   4964.0     5000  1778110448889  1778110451154
read      272.2   127.1    93.8   156.9   174.0   261.6   298.2   319.2   335.1   353.0   374.4   408.1   481.2  1096.3  4999.2  15128.0    15000  1778110452659  1778110454906
read      308.0   107.1    86.8   152.5   172.5   303.3   357.5   383.5   400.6   421.7   446.8   483.4   555.0   677.7  1960.4  25064.0    25000  1778110456411  1778110458610
read      300.2   114.4    80.4   142.4   160.7   287.1   352.5   383.7   403.7   427.8   456.4   496.9   574.3   676.4  1922.7  35128.0    35000  1778110460114  1778110462316
read      311.8   129.0    80.4   143.0   161.6   293.7   369.2   403.9   427.9   454.6   486.5   532.3   624.4   753.2  2038.7  44883.0    45000  1778110463820  1778110466021
read      318.3   135.5    80.4   140.8   160.2   297.4   374.1   413.6   440.2   469.2   505.3   557.1   660.5   807.8  1286.1  54874.0    55000  1778110467524  1778110469725
read      341.2   156.2    74.4   149.0   170.9   318.6   394.7   436.5   465.3   498.0   538.9   594.7   718.9  1086.4  3241.3  64823.0    65000  1778110471230  1778110473434
read      515.7   288.6    80.4   184.8   222.7   473.9   593.3   652.0   692.2   738.8   805.4  1038.2  1406.9  1656.9  7372.6  74835.0    75000  1778110474939  1778110477138
read      903.7   396.6   137.8   646.6   680.1   794.9   845.3   872.1   920.4  1266.9  1463.4  1579.1  1731.6  7193.8  8022.8  72978.0    85000  1778110478641  1778110480839
read      854.9   380.9   137.8   602.1   637.8   746.4   794.7   834.0   878.5  1261.7  1389.4  1482.8  1616.5  7049.2  9540.8  76887.0    95000  1778110482343  1778110484543
read      882.1   391.4   101.3   635.4   663.5   775.2   820.2   855.5   891.8  1287.6  1435.8  1543.1  1689.7  7106.8 13953.7  74693.0   105000  1778110486047  1778110488249
read      961.6   409.8   127.6   699.3   737.2   853.6   901.6   929.3   956.7  1140.6  1563.0  1688.6  1849.8  7191.8  8722.9  68622.5   115000  1778110489753  1778110491956
read      940.7   400.2   127.6   695.5   722.2   831.4   868.2   905.0   933.4  1258.6  1536.5  1647.9  1778.0  7224.7  8772.4  70273.7   125000  1778110493460  1778110495659
run 3
#type       avg     std     min      p5     p10     p50     p67     p75     p80     p85     p90     p95     p99    p999   p9999      QPS   target       ts_start         ts_end
read      227.3    79.9   109.4   154.4   165.3   216.5   238.9   252.5   263.1   274.6   292.9   324.4   427.2  1055.1  2995.2   4948.0     5000  1778110513901  1778110516159
read      280.7    91.5    86.8   159.3   177.9   271.7   311.6   335.2   351.5   369.6   392.9   427.1   493.8   593.4  2199.6  15006.0    15000  1778110517663  1778110519900
read      302.1   114.3    86.8   151.7   170.5   295.5   350.1   376.2   393.7   413.1   435.6   469.7   540.2   671.3  4400.4  24957.0    25000  1778110521405  1778110523609
read      314.3   122.6    74.4   147.3   166.0   304.8   370.5   400.3   421.3   444.5   472.1   515.6   602.4   757.4  1792.7  35014.5    35000  1778110525114  1778110527315
read      312.2   127.4    80.4   142.9   161.3   294.7   368.7   403.9   428.1   455.1   487.4   534.9   626.1   759.5  1288.1  44775.9    45000  1778110528819  1778110531021
read      318.1   138.6    80.4   140.9   160.4   295.4   371.9   411.3   438.8   469.2   506.2   559.2   660.4   813.3  2035.1  55175.5    55000  1778110532524  1778110534725
read      334.1   143.2    80.4   148.3   169.0   311.8   390.1   431.3   459.8   492.0   530.7   585.3   692.4   858.9  2287.2  65059.5    65000  1778110536229  1778110538430
read      523.1   316.0    80.4   181.4   216.5   478.4   602.8   658.8   698.9   747.6   829.7  1135.6  1451.3  1783.5  7639.4  74866.8    75000  1778110539934  1778110542135
read      907.3   385.1   137.8   655.7   693.6   798.3   846.9   871.7   917.9  1300.8  1480.3  1583.9  1726.1  7157.7  8622.6  72576.0    85000  1778110543639  1778110545841
read      940.3   390.0   148.8   701.6   728.8   834.2   871.5   908.2   932.8  1076.9  1533.5  1649.6  1788.5  7171.7  9051.0  70171.5    95000  1778110547346  1778110549546
read      775.5   334.0   127.6   525.3   557.7   670.9   724.6   771.9   974.9  1164.4  1253.8  1345.0  1475.8  5022.4  7511.6  84386.4   105000  1778110551051  1778110553251
read      951.4   407.5   137.8   680.0   716.5   843.3   894.5   928.3   965.2  1256.3  1535.5  1662.5  1842.7  7199.6  8003.6  69346.1   115000  1778110554755  1778110556957
read      989.3   424.8   160.7   727.9   761.2   871.7   919.2   941.7   986.1  1249.2  1618.2  1721.9  1871.7  7268.0  9832.8  67023.0   125000  1778110558461  1778110560664

Memcached with T =2 threads, C=1 core
run 1
#type       avg     std     min      p5     p10     p50     p67     p75     p80     p85     p90     p95     p99    p999   p9999      QPS   target       ts_start         ts_end
read      243.8    91.4   101.3   162.7   174.8   232.3   256.0   271.1   283.1   297.5   318.8   358.4   441.9  1040.1  4074.2   4960.0     5000  1778110972497  1778110974754
read      284.8   109.0    93.8   161.2   179.7   273.0   314.8   339.6   357.1   375.9   399.9   434.0   507.6   934.8  4389.3  15124.0    15000  1778110976257  1778110978497
read      297.9   109.7    74.4   147.1   166.0   286.5   343.2   372.1   391.0   411.6   436.6   475.2   559.8   691.6  2035.9  25155.5    25000  1778110980000  1778110982201
read      322.8   128.4    74.4   144.4   163.8   311.1   380.9   415.2   438.3   464.3   496.4   542.2   640.0   771.0  1286.2  34871.9    35000  1778110983705  1778110985908
read      313.9   147.8    80.4   135.2   152.0   289.8   371.4   412.1   439.3   469.0   504.4   555.5   666.0   960.2  2979.1  44943.5    45000  1778110987413  1778110989612
read      336.8   172.5    80.4   140.3   157.3   298.0   395.8   448.4   482.4   519.2   563.8   628.9   792.3  1180.8  3279.5  54923.0    55000  1778110991116  1778110993317
read      346.3   192.7    80.4   137.0   154.2   284.9   399.6   471.3   516.6   562.4   616.9   699.9   920.9  1187.0  2567.2  64931.5    65000  1778110994821  1778110997022
read      837.0  1123.4    80.4   215.6   250.1   411.8   548.6   624.9   686.1   957.5  3263.4  3484.9  3752.0  8105.7 14694.2  73161.5    75000  1778110998526  1778111000725
read      916.6  1206.2   101.3   255.2   281.0   418.2   590.0   658.1   712.3  1754.6  3379.7  3593.9  3989.7  8098.1 10585.2  72850.5    85000  1778111002229  1778111004427
read      941.7  1206.9    93.8   268.4   293.5   427.2   617.3   680.7   732.5  2776.6  3398.1  3610.0  4012.6  8032.6 11041.0  71179.5    95000  1778111005931  1778111008132
read      890.5  1168.9    86.8   244.4   269.0   421.2   569.2   632.0   684.0   873.2  3377.0  3584.1  3771.5  7999.6  9935.5  75172.5   105000  1778111009636  1778111011842
read      886.6  1189.7    86.8   231.6   258.8   420.3   538.2   624.8   705.0   872.4  3366.7  3582.4  4007.3  7994.3  9487.5  75727.5   115000  1778111013346  1778111015548
read      941.9  1214.2    93.8   258.3   284.1   436.9   593.3   678.7   752.5  3103.0  3405.0  3617.7  3999.4  8016.2 10869.2  71243.9   125000  1778111017052  1778111019251
run 2
#type       avg     std     min      p5     p10     p50     p67     p75     p80     p85     p90     p95     p99    p999   p9999      QPS   target       ts_start         ts_end
read      247.7   125.0   101.3   166.1   178.5   235.2   260.7   273.7   285.3   298.2   319.7   364.0   452.0  1044.8  7547.1   4910.0     5000  1778111053355  1778111055610
read      285.0   113.9    86.8   156.7   176.4   273.0   316.2   340.4   357.5   376.3   400.2   437.8   526.8  1011.6  4743.6  15078.5    15000  1778111057114  1778111059351
read      295.9   117.8    86.8   147.2   166.0   285.8   340.5   367.6   386.1   405.8   433.3   470.1   549.0   698.4  2915.3  25238.5    25000  1778111060855  1778111063055
read      310.2   124.4    80.4   142.1   160.5   294.6   365.2   399.4   422.7   448.3   478.2   522.8   607.9   713.4  1753.0  34757.1    35000  1778111064559  1778111066760
read      326.6   146.0    74.4   137.7   154.5   306.0   389.2   430.6   458.5   490.0   528.3   583.6   692.5   863.5  1617.0  44965.5    45000  1778111068265  1778111070468
read      346.1   174.0    74.4   138.5   156.4   311.5   405.4   458.4   495.2   535.8   584.3   656.6   827.8  1125.3  2011.9  54943.4    55000  1778111071972  1778111074171
read      338.7   189.3    74.4   135.2   151.6   283.0   392.5   459.9   501.5   544.8   595.4   673.5   869.2  1323.9  3138.7  65139.0    65000  1778111075676  1778111077875
read      481.7   525.0    80.4   149.5   170.8   323.9   437.5   534.8   611.4   709.7   890.6  1282.0  2863.3  4250.7  9704.9  74950.6    75000  1778111079379  1778111081579
read      954.1  1213.5   101.3   269.3   295.1   435.0   620.3   687.5   742.6  3234.2  3408.0  3614.5  3978.5  8023.6 10180.0  70282.5    85000  1778111083083  1778111085284
read      875.3  1187.0    93.8   239.1   263.7   414.0   550.1   609.4   658.1   782.9  3368.5  3581.2  3935.2  8029.1  9986.2  76886.5    95000  1778111086788  1778111088988
read      927.5  1201.7   101.3   259.7   283.6   424.6   598.6   665.6   721.9  2795.1  3396.8  3602.6  3952.6  8018.8 10033.1  72502.5   105000  1778111090492  1778111092691
read      904.7  1184.7    93.8   249.0   274.9   421.9   579.6   638.6   687.8  1552.4  3388.4  3592.4  3825.9  7993.3  9596.5  74154.5   115000  1778111094195  1778111096392
read      958.5  1224.8    93.8   263.4   290.9   439.9   613.5   693.2   759.9  3241.8  3419.9  3628.5  3992.5  8099.7 10365.5  70198.0   125000  1778111097897  1778111100098
run 3
#type       avg     std     min      p5     p10     p50     p67     p75     p80     p85     p90     p95     p99    p999   p9999      QPS   target       ts_start         ts_end
read      240.5   129.9   101.3   161.1   172.2   227.2   251.3   265.5   274.9   289.6   310.2   347.6   439.1  1381.9  5980.7   5021.0     5000  1778111108495  1778111110747
read      273.1    97.4    80.4   153.0   171.6   262.3   300.5   323.3   339.8   359.5   384.5   424.0   507.9   710.7  2989.8  15066.5    15000  1778111112251  1778111114487
read      306.7   122.2    86.8   149.1   168.5   296.5   355.5   384.0   402.5   424.8   451.8   491.4   565.9   691.5  3109.7  25114.6    25000  1778111115992  1778111118190
read      310.9   128.7    80.4   143.6   161.5   294.0   365.8   400.7   424.0   449.9   480.9   526.4   613.0   760.7  2035.2  35054.5    35000  1778111119694  1778111121899
read      320.1   149.2    74.4   138.0   154.2   297.1   377.2   419.3   448.4   480.0   517.2   570.1   676.3   865.8  3231.6  45056.3    45000  1778111123403  1778111125602
read      331.4   187.6    80.4   137.6   153.9   288.7   387.8   442.2   477.7   515.7   560.2   625.8   763.9  1512.3  4398.9  54867.0    55000  1778111127106  1778111129305
read      372.2   229.3    80.4   141.0   160.0   307.6   417.9   492.6   543.2   596.8   663.2   778.2  1096.1  1719.2  3114.6  64908.8    65000  1778111130809  1778111133008
read      733.0   926.9    80.4   174.3   206.1   379.8   490.6   594.2   692.4  1483.3  2449.1  2847.0  3481.3  7945.0  9249.5  74288.5    75000  1778111134513  1778111136714
read      933.9  1198.1    93.8   260.7   286.5   430.1   608.8   673.0   726.8  2927.5  3399.4  3604.3  3947.4  7988.3  9532.4  71669.8    85000  1778111138218  1778111140420
read      971.9  1229.7   101.3   270.9   298.5   450.0   630.6   698.4   755.1  3243.7  3425.2  3632.8  4012.1  8046.8 10099.5  69250.2    95000  1778111141926  1778111144124
read      877.3  1186.1    93.8   243.0   266.4   404.1   565.3   619.4   663.2   791.4  3372.2  3579.9  3763.5  8100.2 14833.9  76571.4   105000  1778111145629  1778111147831
read      883.9  1180.9    93.8   246.1   272.0   404.6   562.5   629.2   679.1   827.9  3369.4  3576.5  3842.1  8041.7 11430.5  75967.5   115000  1778111149335  1778111151534
read      849.3  1151.5    80.4   227.5   253.0   411.6   531.8   586.1   631.8   742.7  3345.8  3553.3  3759.8  8002.6  9700.4  79117.0   125000  1778111153039  1778111155236

Memcached with T =2 threads, C=2 core
run 1
#type       avg     std     min      p5     p10     p50     p67     p75     p80     p85     p90     p95     p99    p999   p9999      QPS   target       ts_start         ts_end
read      239.4   128.0   109.4   162.7   174.4   227.2   249.9   263.3   272.8   285.8   302.7   336.4   423.2  1422.6  7554.0   4853.0     5000  1778111231645  1778111233905
read      266.5   122.9    93.8   159.6   177.0   259.2   288.7   306.0   318.4   335.0   355.4   386.4   452.5  1097.2  6712.3  15140.0    15000  1778111235409  1778111237647
read      263.9   112.0    86.8   145.9   162.8   258.3   292.0   312.1   326.6   343.4   365.7   397.5   469.0   795.6  3869.5  25052.0    25000  1778111239150  1778111241349
read      280.6   123.2    86.8   140.7   157.3   272.0   320.6   346.5   365.1   385.7   410.4   448.3   524.1   833.7  5002.2  35007.5    35000  1778111242853  1778111245053
read      276.6   132.6    74.4   138.6   153.7   263.3   317.5   346.2   366.2   387.9   413.4   451.4   528.3   932.3  4312.7  45194.0    45000  1778111246556  1778111248757
read      278.3   153.4    80.4   134.4   149.9   259.6   321.1   354.0   375.3   399.2   427.9   467.5   547.9   872.8  7185.2  55155.4    55000  1778111250260  1778111252462
read      275.0   165.9    80.4   131.7   146.7   250.5   313.8   349.3   373.3   399.2   430.3   473.8   570.1  1032.0  7900.4  64898.5    65000  1778111253966  1778111256165
read      273.3   144.2    80.4   131.1   146.2   247.8   310.2   347.3   372.0   399.6   432.0   477.4   574.8   956.0  5003.4  74923.5    75000  1778111257669  1778111259868
read      282.7   121.3    74.4   135.0   151.3   261.2   323.8   358.7   382.4   408.8   442.0   492.0   593.5   833.3  2020.8  84786.8    85000  1778111261371  1778111263573
read      285.9   168.7    74.4   137.2   153.7   260.7   322.2   357.7   382.2   410.1   445.4   497.5   618.3   949.8  4998.5  95154.4    95000  1778111265077  1778111267276
read      332.8   146.0    80.4   152.3   174.5   310.7   376.8   413.5   440.0   471.9   516.1   586.4   746.6  1004.5  2353.6 105041.1   105000  1778111268779  1778111270979
read      480.5   223.7    86.8   202.3   244.3   442.0   516.3   571.7   627.4   709.6   803.5   907.4  1061.7  1274.3  4973.1 112829.9   115000  1778111272483  1778111274684
read      548.8   208.9   109.4   317.5   348.7   480.6   589.6   694.2   749.0   799.1   852.2   920.9  1055.5  1356.7  4710.9 116627.9   125000  1778111276187  1778111278389
run 2
#type       avg     std     min      p5     p10     p50     p67     p75     p80     p85     p90     p95     p99    p999   p9999      QPS   target       ts_start         ts_end
read      227.9   173.2   109.4   155.3   166.2   214.9   235.7   249.0   258.5   270.3   286.7   314.3   394.6  1187.0  7837.2   5008.5     5000  1778111307080  1778111309333
read      264.5   161.0    93.8   160.8   178.0   258.3   287.2   303.9   315.7   330.5   348.3   378.0   441.8   904.8 12206.4  14829.5    15000  1778111310837  1778111313076
read      279.6   105.0    86.8   150.7   168.4   273.9   313.7   335.3   350.3   368.3   390.7   423.1   489.7  1142.6  2565.7  25020.5    25000  1778111314580  1778111316783
read      276.2    98.6    80.4   142.0   158.5   269.0   317.4   342.7   360.0   378.8   402.2   436.3   505.3   622.9  1494.8  35106.5    35000  1778111318286  1778111320488
read      277.8   110.3    80.4   138.6   153.9   264.0   322.0   352.8   372.4   394.2   420.6   459.1   536.5   679.7  1742.6  45282.5    45000  1778111321992  1778111324191
read      274.9   111.7    80.4   134.8   150.2   256.2   317.4   351.6   373.8   398.2   427.6   467.6   548.2   688.5  1961.5  54990.6    55000  1778111325695  1778111327898
read      273.9   114.8    74.4   131.4   146.9   252.3   316.1   351.7   375.3   401.1   432.2   475.8   564.0   727.8  1960.2  65157.5    65000  1778111329402  1778111331602
read      271.6   117.6    74.4   130.6   145.6   248.0   309.4   346.1   371.4   399.4   431.9   478.6   573.8   742.4  1830.1  74988.5    75000  1778111333106  1778111335308
read      280.2   123.2    74.4   134.7   150.6   255.3   318.0   354.6   380.0   408.9   445.1   497.4   608.2   830.8  1922.9  85105.5    85000  1778111336812  1778111339013
read      291.1   124.4    80.4   140.3   157.8   270.1   332.6   366.7   390.8   418.2   452.0   501.7   611.4   808.7  3079.1  95162.7    95000  1778111340518  1778111342717
read      383.5   194.0    80.4   165.6   191.2   352.4   427.2   469.4   502.4   544.6   607.9   723.6   955.9  1233.5  4345.9 104764.4   105000  1778111344221  1778111346422
read      439.3   242.3    86.8   169.9   200.2   401.6   477.8   527.8   573.6   648.5   760.1   884.3  1070.0  2567.5  5727.4 112878.9   115000  1778111347926  1778111350127
read      422.3   261.7    80.4   148.9   169.1   366.4   476.6   530.6   575.1   650.2   832.7   973.6  1154.4  1409.0  4775.7 113950.9   125000  1778111351632  1778111353835
run 3
#type       avg     std     min      p5     p10     p50     p67     p75     p80     p85     p90     p95     p99    p999   p9999      QPS   target       ts_start         ts_end
read      230.4   190.7   101.3   154.8   166.2   216.2   236.4   249.2   258.3   270.2   286.9   314.7   402.0  2420.0  7844.7   4883.5     5000  1778111366788  1778111369043
read      258.5    79.4    86.8   157.9   174.6   251.8   281.5   298.7   312.7   328.6   347.7   378.6   441.6   620.5  2775.1  14908.0    15000  1778111370548  1778111372787
read      264.6    89.7    80.4   145.5   163.0   257.9   295.0   316.4   332.1   349.9   372.9   405.5   471.3   583.8  2703.0  24973.5    25000  1778111374290  1778111376490
read      281.6   109.1    74.4   142.5   159.3   272.7   325.5   351.7   369.1   388.7   411.6   446.1   513.8   639.9  3487.9  35108.5    35000  1778111377994  1778111380195
read      273.6   101.7    80.4   138.9   153.8   260.3   317.1   346.5   366.1   387.7   413.0   449.8   521.9   628.9  1554.2  45236.0    45000  1778111381699  1778111383901
read      271.8   114.7    74.4   132.5   147.8   255.9   315.0   346.5   367.2   390.4   418.9   459.8   544.5   739.7  1703.8  54917.5    55000  1778111385404  1778111387603
read      273.9   112.6    80.4   131.1   146.8   253.1   317.1   351.6   374.2   399.6   430.5   473.3   570.1   729.3  1355.3  65061.5    65000  1778111389107  1778111391307
read      275.9   124.5    74.4   131.2   147.0   251.4   315.9   352.5   377.2   404.4   437.5   487.4   588.6   768.5  2021.1  75220.5    75000  1778111392811  1778111395013
read      266.2   109.0    80.4   130.6   145.9   243.1   300.8   336.2   360.4   387.9   421.4   467.7   563.5   695.0  1244.9  85297.0    85000  1778111396516  1778111398716
read      289.0   141.9    74.4   137.0   154.6   269.3   329.0   361.8   385.0   411.8   446.5   499.3   611.0   804.1  5066.4  94949.9    95000  1778111400219  1778111402418
read      292.1   128.0    74.4   139.6   156.8   266.7   330.6   366.3   391.8   421.4   459.4   519.0   656.1   930.9  2296.8 104675.2   105000  1778111403922  1778111406128
read      398.3   206.4    74.4   163.7   190.6   363.1   441.6   487.0   522.1   570.3   648.7   795.0  1011.5  1291.5  4412.5 113494.1   115000  1778111407632  1778111409833
read      444.2   221.4    80.4   177.4   210.0   405.1   480.2   532.5   585.7   676.2   776.4   878.4  1027.9  1251.0  3148.5 118975.6   125000  1778111411337  1778111413538

Memcached with T =2 threads, C=3 core
run 1
#type       avg     std     min      p5     p10     p50     p67     p75     p80     p85     p90     p95     p99    p999   p9999      QPS   target       ts_start         ts_end
read      234.4   152.5    93.8   161.1   171.5   222.6   245.3   258.3   268.6   280.6   296.2   325.8   401.9  1079.6  9505.2   4923.0     5000  1778111480633  1778111482888
read      261.2    91.2    86.8   157.7   176.6   255.6   284.0   301.5   314.9   330.5   348.8   380.8   442.6   547.6  2996.5  14922.5    15000  1778111484393  1778111486631
read      280.3   105.8    80.4   148.4   167.2   271.9   315.6   339.0   355.4   373.2   397.1   431.8   504.5   682.7  3228.0  25259.0    25000  1778111488137  1778111490338
read      280.4   104.5    86.8   141.9   158.7   272.4   323.9   349.3   366.9   386.6   409.7   445.4   511.2   612.8  1884.3  35058.5    35000  1778111491842  1778111494044
read      274.0   103.0    80.4   135.3   151.1   262.1   318.5   346.8   366.2   387.2   412.1   450.9   528.6   658.4  1566.4  44767.5    45000  1778111495549  1778111497746
read      275.2   111.9    74.4   132.0   147.3   258.5   321.8   353.7   374.6   398.3   426.5   466.3   547.5   687.1  1703.9  54911.0    55000  1778111499251  1778111501451
read      273.5   130.6    80.4   129.9   145.1   249.9   314.8   349.4   372.6   398.3   429.5   473.9   571.5  1038.6  3571.9  64668.5    65000  1778111502956  1778111505156
read      270.7   112.4    80.4   130.7   145.8   247.6   311.4   346.6   370.5   397.0   428.7   472.7   565.7   700.9  1259.6  75073.5    75000  1778111506661  1778111508862
read      279.6   116.4    74.4   133.6   150.1   257.6   322.0   356.2   379.6   405.3   437.2   486.3   585.7   775.8  1710.3  84724.0    85000  1778111510366  1778111512568
read      301.1   130.2    74.4   141.1   159.2   277.7   342.9   377.5   402.1   431.9   469.7   533.3   686.2   940.3  1935.3  95277.1    95000  1778111514072  1778111516271
read      316.4   135.3    80.4   149.2   169.3   296.6   360.0   394.1   418.9   448.5   487.5   548.2   690.1   914.7  3320.3 104887.4   105000  1778111517775  1778111519976
read      426.1   260.7    74.4   146.7   169.1   374.0   474.6   533.6   586.6   675.6   805.6   948.2  1164.5  1480.2  7069.3 110367.0   115000  1778111521480  1778111523680
read      573.8   226.5    86.8   320.2   356.0   512.4   605.3   691.2   757.9   828.0   902.0   990.4  1147.4  1412.6  6938.8 111895.4   125000  1778111525185  1778111527384
run 2
#type       avg     std     min      p5     p10     p50     p67     p75     p80     p85     p90     p95     p99    p999   p9999      QPS   target       ts_start         ts_end
read      234.4   154.2   101.3   159.4   170.3   221.6   243.6   257.1   267.9   280.5   296.9   331.5   408.8  1094.9  8134.5   5038.9     5000  1778111534277  1778111536536
read      251.6    84.7    93.8   152.2   169.6   244.8   272.3   289.8   302.7   318.1   338.5   370.3   438.2   642.1  3870.5  14999.5    15000  1778111538040  1778111540283
read      278.1    91.3    86.8   152.0   170.2   272.2   314.3   336.4   351.6   369.4   391.4   422.8   483.7   581.6  2375.2  25015.0    25000  1778111541787  1778111543990
read      279.8    99.0    86.8   143.7   160.7   271.9   322.8   347.6   365.0   384.4   407.1   442.6   515.4   627.6  1750.9  34834.5    35000  1778111545494  1778111547692
read      279.0   116.5    74.4   135.6   151.6   266.4   326.4   355.3   374.2   395.3   421.0   458.7   538.8   662.1  2441.1  44845.5    45000  1778111549197  1778111551399
read      278.7   125.7    74.4   134.6   150.2   259.5   324.9   357.0   378.0   400.5   428.8   469.0   551.0   792.4  2771.0  55008.7    55000  1778111552904  1778111555104
read      273.0   110.6    74.4   133.5   148.7   250.3   315.7   350.5   373.2   398.9   430.0   470.7   554.9   702.2  1745.3  65037.0    65000  1778111556608  1778111558806
read      275.8   122.6    80.4   133.4   149.0   252.3   317.9   353.7   377.4   402.8   434.2   479.0   569.0   701.8  1746.2  75001.2    75000  1778111560309  1778111562510
read      273.3   122.0    80.4   132.0   147.7   248.9   310.5   346.5   371.5   398.8   432.1   479.0   580.3   785.5  3145.9  84811.5    85000  1778111564014  1778111566214
read      288.7   119.2    80.4   139.5   156.8   267.7   329.8   363.9   387.9   415.2   449.0   499.4   607.4   768.9  2012.2  94891.7    95000  1778111567718  1778111569918
read      299.0   166.3    80.4   142.2   160.9   274.5   336.7   370.5   394.8   423.2   459.4   515.7   646.7  1208.6  7172.9 104621.9   105000  1778111571423  1778111573623
read      371.3   178.2    80.4   161.6   187.2   341.9   412.2   452.9   484.4   525.1   585.5   704.2   940.6  1202.3  2265.4 115075.9   115000  1778111575128  1778111577327
read      502.1   251.1    80.4   201.9   242.4   463.8   546.7   595.5   639.5   717.6   853.1  1001.7  1177.3  1400.9  7116.0 112859.3   125000  1778111578831  1778111581031
run 3
#type       avg     std     min      p5     p10     p50     p67     p75     p80     p85     p90     p95     p99    p999   p9999      QPS   target       ts_start         ts_end
read      242.3   170.2   101.3   161.3   173.9   227.2   250.7   265.5   275.8   290.6   311.1   343.2   422.6  2262.6  8148.5   4928.5     5000  1778111587371  1778111589636
read      258.3    80.0    93.8   157.1   174.3   250.9   281.6   299.0   312.7   328.8   349.6   383.0   440.0   583.5  1963.2  14881.0    15000  1778111591139  1778111593381
read      281.6    89.2    80.4   153.4   171.4   275.6   318.3   340.9   356.8   374.0   396.9   430.2   499.1   641.8  1495.7  25064.5    25000  1778111594884  1778111597090
read      275.0   106.5    86.8   141.3   158.2   264.9   313.5   339.7   357.9   377.6   402.1   438.9   510.6   627.9  2564.0  35047.0    35000  1778111598594  1778111600795
read      286.1   136.0    80.4   141.5   157.2   268.8   332.8   363.2   382.8   403.5   430.8   469.4   552.0   985.1  4397.8  44963.5    45000  1778111602300  1778111604501
read      277.1   122.8    74.4   134.2   149.9   258.1   323.1   355.0   375.9   398.6   426.0   464.7   547.7   741.2  3340.6  54849.0    55000  1778111606006  1778111608204
read      266.7   112.0    80.4   130.3   144.9   244.8   308.5   342.8   365.3   390.3   420.0   461.4   545.4   680.7  1548.6  64952.5    65000  1778111609708  1778111611915
read      275.6   124.0    74.4   132.8   148.5   252.0   317.8   353.4   377.1   402.8   434.0   478.3   573.2   736.2  2489.3  75068.5    75000  1778111613420  1778111615622
read      276.3   116.0    80.4   131.9   147.8   253.8   317.2   352.0   375.7   402.5   435.4   483.6   584.2   762.1  1744.8  85056.5    85000  1778111617126  1778111619326
read      283.8   116.2    80.4   138.4   154.8   261.2   324.2   358.5   382.4   409.6   443.5   493.6   595.2   780.3  1703.8  94918.5    95000  1778111620831  1778111623030
read      382.2   203.9    80.4   156.4   179.9   341.7   424.9   470.7   505.3   548.0   617.1   800.5  1070.2  1275.0  3071.9 105211.9   105000  1778111624535  1778111626734
read      476.2   223.7    86.8   189.1   229.1   442.3   509.2   555.6   606.5   710.5   827.1   928.9  1065.6  1230.7  4822.3 111507.9   115000  1778111628238  1778111630440
read      549.7   217.7    86.8   302.3   342.2   487.7   578.8   677.9   746.3   808.5   868.0   939.6  1064.1  1271.4  5965.8 115357.1   125000  1778111631945  1778111634144

Memcached with T =3 threads, C=1 core
run 1
#type       avg     std     min      p5     p10     p50     p67     p75     p80     p85     p90     p95     p99    p999   p9999      QPS   target       ts_start         ts_end
read      245.2    94.1   109.4   161.6   173.7   233.2   258.8   273.2   286.1   302.1   325.9   363.3   441.3  1079.2  4073.2   4976.0     5000  1778111822872  1778111825132
read      296.0    96.0    93.8   160.2   181.4   289.0   334.3   357.9   373.3   392.7   416.8   453.8   529.2   641.1  1885.3  15021.5    15000  1778111826636  1778111828874
read      309.2   113.1    74.4   150.6   171.0   302.1   359.3   386.7   404.6   425.7   451.8   491.6   574.7   728.1  2772.9  24873.9    25000  1778111830378  1778111832583
read      317.3   129.6    74.4   143.5   162.6   306.9   375.6   407.9   430.0   454.8   485.1   531.0   619.5   763.1  2503.4  34924.5    35000  1778111834088  1778111836287
read      323.5   139.7    74.4   138.6   156.7   308.8   387.2   425.1   450.4   478.2   511.4   561.1   647.5   761.2  2814.5  45102.5    45000  1778111837792  1778111839999
read      340.7   186.9    74.4   138.0   155.9   310.6   402.2   447.0   476.9   511.3   551.6   615.6   770.7  2203.9  4177.2  55274.5    55000  1778111841504  1778111843709
read      397.6   231.6    74.4   144.9   165.8   340.2   465.1   528.0   571.1   620.8   685.9   803.8  1163.7  1841.1  2734.2  64884.4    65000  1778111845214  1778111847423
read      814.3  1425.1    80.4   155.9   177.8   287.3   349.7   411.2   503.4  1167.4  2535.2  4577.5  6590.5  8373.9 10767.4  73050.0    75000  1778111848928  1778111851130
read      897.0  1816.9    80.4   162.5   186.4   288.4   331.8   361.3   387.6   434.0  3268.6  6181.4  7650.7 10612.4 12740.7  75751.5    85000  1778111852634  1778111854834
read      968.3  1898.8    80.4   172.6   196.1   313.4   362.3   394.5   423.6   470.7  4320.9  6268.8  7607.8  9739.5 11865.2  70489.5    95000  1778111856338  1778111858538
read      916.6  1859.8    80.4   163.0   187.7   295.3   335.0   361.2   384.7   425.7  3379.8  6234.4  7591.0  9423.2 13030.6  75001.5   105000  1778111860042  1778111862243
read      972.8  1920.8    74.4   171.3   194.9   312.7   362.9   396.0   426.0   476.7  4092.6  6285.9  7931.2  9856.8 12120.6  70712.0   115000  1778111863747  1778111865951
read      955.7  1887.6    80.4   169.7   195.3   307.1   355.4   387.4   415.5   464.6  4025.9  6263.8  7616.9  9425.0 11947.8  71790.5   125000  1778111867455  1778111869657
run 2
#type       avg     std     min      p5     p10     p50     p67     p75     p80     p85     p90     p95     p99    p999   p9999      QPS   target       ts_start         ts_end
read      239.9    79.8   101.3   160.3   170.9   227.7   252.6   268.1   279.8   295.4   319.2   357.5   444.6  1084.6  1962.0   4960.5     5000  1778111875233  1778111877497
read      288.6    99.3    93.8   160.5   180.0   278.8   324.5   347.9   364.3   382.4   403.5   437.0   506.3   641.5  3230.8  15083.5    15000  1778111879001  1778111881238
read      317.2   119.1    80.4   148.9   169.7   314.6   370.2   397.4   416.6   437.6   464.3   502.1   584.3   737.4  2928.1  25200.0    25000  1778111882742  1778111884943
read      315.9   124.5    80.4   140.3   159.8   308.2   373.1   404.9   427.1   452.2   482.7   528.4   612.3   743.2  1501.7  34810.0    35000  1778111886447  1778111888648
read      325.6   155.4    80.4   141.8   160.3   306.5   386.7   424.5   449.8   477.7   511.1   562.8   669.7  1208.0  3831.9  44868.2    45000  1778111890152  1778111892352
read      340.6   167.0    74.4   136.8   155.4   312.9   407.2   452.8   483.7   518.7   561.0   622.3   756.1  1186.8  3117.8  54779.0    55000  1778111893855  1778111896058
read      368.1   209.8    80.4   138.6   157.8   322.9   440.1   496.3   533.6   576.1   630.6   717.7   942.5  1383.0  2260.2  64848.5    65000  1778111897562  1778111899768
read      716.3  1142.3    80.4   150.2   171.8   295.7   391.2   499.5   688.8  1063.3  1915.1  3409.4  5692.7  7973.1  9920.0  73234.5    75000  1778111901272  1778111903473
read      943.8  1861.0    80.4   172.1   197.0   297.0   348.4   386.4   421.7   486.2  3538.0  6236.2  7691.9  9748.8 11056.9  72375.5    85000  1778111904978  1778111907179
read      915.2  1852.5    86.8   165.6   190.1   294.4   337.5   366.5   393.0   436.9  3307.8  6217.1  7778.4  9916.6 12828.2  74651.0    95000  1778111908684  1778111910884
read      972.7  1902.3    80.4   172.3   198.7   310.5   361.1   396.0   428.4   484.0  4582.8  6275.2  7539.9  9382.3 11648.9  70520.0   105000  1778111912388  1778111914588
read      950.4  1873.1    80.4   169.4   193.7   308.2   354.9   385.8   412.8   460.0  3910.2  6242.0  7612.3  9381.7 12457.5  72072.2   115000  1778111916092  1778111918292
read      922.6  1867.3    80.4   163.5   188.2   294.2   338.2   368.3   395.9   445.9  3371.0  6231.9  7784.9  9503.6 12840.1  74351.0   125000  1778111919796  1778111922000
run 3
#type       avg     std     min      p5     p10     p50     p67     p75     p80     p85     p90     p95     p99    p999   p9999      QPS   target       ts_start         ts_end
read      247.3   118.8   101.3   163.8   176.1   233.2   259.4   275.1   289.2   306.0   328.6   364.9   443.6  1288.8  6466.4   4948.5     5000  1778111929968  1778111932227
read      297.4   136.2    86.8   160.0   181.1   288.4   334.0   357.5   373.2   392.3   415.1   449.9   523.2  1094.0  6177.5  14816.0    15000  1778111933731  1778111935976
read      310.5   125.5    86.8   149.9   170.0   304.5   361.4   388.6   406.0   427.5   453.5   491.3   572.8   835.9  2377.5  24953.8    25000  1778111937480  1778111939680
read      328.9   154.6    86.8   145.4   164.9   317.7   384.1   416.8   438.6   464.5   496.9   543.3   656.4  1873.4  3072.7  34989.7    35000  1778111941184  1778111943384
read      330.5   149.9    74.4   139.6   158.1   315.8   392.9   431.2   457.4   486.5   522.0   574.3   681.4   975.1  3083.4  44851.0    45000  1778111944887  1778111947086
read      334.5   165.7    74.4   135.6   153.6   306.8   399.9   445.0   474.6   508.4   548.5   611.9   752.2  1168.3  3230.7  55222.0    55000  1778111948590  1778111950789
read      445.6   362.0    74.4   146.1   167.9   348.9   486.2   559.7   612.2   681.3   791.1  1020.1  1859.8  3277.8  7822.0  65232.9    65000  1778111952293  1778111954494
read      634.8   961.5    74.4   146.6   166.0   282.7   377.8   521.1   682.9   963.5  1568.9  2758.4  4945.9  7845.5  9052.9  75062.7    75000  1778111955998  1778111958197
read      942.4  1867.1    80.4   165.6   188.9   308.5   351.9   380.0   404.1   450.6  3475.3  6244.7  7653.1  9396.0 11618.4  72692.0    85000  1778111959701  1778111961903
read      942.8  1870.3    80.4   168.5   193.2   305.7   349.4   378.5   403.5   452.2  3611.1  6234.8  7763.6  9486.7 12021.9  72700.0    95000  1778111963407  1778111965608
read      975.5  1904.4    80.4   174.0   197.8   313.2   364.9   399.9   432.5   491.9  4294.8  6279.7  7657.2  9803.1 12608.7  69936.0   105000  1778111967112  1778111969312
read      948.3  1875.9    86.8   169.2   192.8   308.4   353.2   382.2   406.9   456.7  3482.2  6256.8  7705.4  9421.7 10927.7  72173.0   115000  1778111970816  1778111973014
read      934.0  1882.7    80.4   168.9   193.3   299.4   345.0   374.7   402.0   448.2  3475.1  6249.4  7715.5  9491.0 12733.0  73225.2   125000  1778111974518  1778111976717

Memcached with T =3 threads, C=2 core
run 1
#type       avg     std     min      p5     p10     p50     p67     p75     p80     p85     p90     p95     p99    p999   p9999      QPS   target       ts_start         ts_end
read      244.9   113.6   101.3   165.7   178.6   233.3   256.8   270.3   281.1   295.2   315.0   345.0   410.8  1189.5  6978.6   4994.5     5000  1778112042635  1778112044900
read      266.0    91.8    86.8   163.1   180.3   259.7   290.6   308.5   320.9   336.8   355.8   384.0   439.8   595.1  3922.3  14950.0    15000  1778112046403  1778112048647
read      272.6   104.1    80.4   149.0   165.6   266.1   307.5   329.2   343.6   361.1   381.8   411.9   469.4   683.9  4179.5  25060.0    25000  1778112050151  1778112052351
read      279.1   118.0    80.4   139.5   155.8   269.5   320.4   346.0   364.3   384.4   407.9   446.7   524.5   728.2  2938.1  34933.2    35000  1778112053854  1778112056059
read      281.9   109.7    80.4   135.9   151.7   268.5   329.6   359.5   379.5   401.9   430.6   469.7   548.8   636.9  1220.1  45010.3    45000  1778112057563  1778112059767
read      280.0   117.1    80.4   131.8   146.8   260.4   325.6   359.6   382.8   409.4   442.7   492.1   582.6   689.1  1661.4  54835.4    55000  1778112061272  1778112063472
read      278.8   125.8    80.4   130.3   144.3   251.1   319.6   357.1   384.1   415.9   456.5   513.3   621.1   791.2  1483.3  64995.0    65000  1778112064976  1778112067176
read      281.3   146.6    80.4   128.8   142.5   243.4   314.7   356.6   388.2   426.6   475.4   547.9   686.0   911.7  3183.8  75052.1    75000  1778112068680  1778112070882
read      303.4   205.3    80.4   133.4   148.5   253.9   327.1   371.5   407.1   457.7   526.8   631.4   856.7  1402.2  5417.4  85403.4    85000  1778112072387  1778112074589
read      330.1   220.5    80.4   138.3   154.3   262.2   332.4   379.1   423.9   500.1   612.8   783.0  1153.3  1791.5  2274.6  94489.9    95000  1778112076094  1778112078292
read      389.7   437.2    80.4   143.2   161.9   281.3   348.8   396.3   440.6   507.8   631.7   939.9  2577.1  3714.7  8018.1 105252.2   105000  1778112079797  1778112082002
read      564.9   817.0    80.4   188.2   214.7   352.5   427.0   471.1   505.4   549.4   631.8  3024.2  3694.5  7769.7  9036.7 111963.9   115000  1778112083507  1778112085707
read      540.7   807.0    86.8   183.4   209.1   340.4   405.3   446.2   477.2   518.7   588.8  2728.8  3725.2  7747.1  9423.8 118914.0   125000  1778112087212  1778112089413
run 2
#type       avg     std     min      p5     p10     p50     p67     p75     p80     p85     p90     p95     p99    p999   p9999      QPS   target       ts_start         ts_end
read      231.6   113.8    93.8   162.8   173.8   222.2   241.0   252.4   262.0   273.0   290.5   318.8   386.6  1094.1  5125.8   5043.0     5000  1778112097488  1778112099744
read      258.7    87.8    93.8   156.2   174.6   252.9   281.9   299.3   312.2   326.9   345.7   373.9   432.7   550.1  2992.2  15054.0    15000  1778112101248  1778112103486
read      276.5   151.6    86.8   148.8   165.9   268.0   310.2   332.7   347.6   365.4   387.0   419.2   486.3   965.4  9256.1  25064.0    25000  1778112104991  1778112107189
read      273.8    99.6    74.4   139.4   155.3   266.1   316.1   341.1   358.1   376.4   399.3   432.9   501.5   609.5  2503.9  34884.5    35000  1778112108693  1778112110890
read      281.2   110.4    74.4   134.0   150.2   269.0   330.2   359.6   379.3   401.6   429.3   467.8   547.0   666.1  1016.8  45138.0    45000  1778112112394  1778112114593
read      282.3   118.9    80.4   132.7   148.2   262.6   329.1   362.9   386.2   412.7   445.8   493.9   582.2   713.8  1237.1  54770.0    55000  1778112116098  1778112118294
read      281.8   127.0    74.4   130.6   144.9   252.1   323.9   363.3   390.3   422.2   461.8   520.6   633.2   790.5  1773.1  65202.0    65000  1778112119797  1778112122010
read      285.5   143.8    80.4   129.3   143.5   248.9   320.2   362.0   392.6   430.6   481.3   556.1   706.6   974.8  2067.5  75291.0    75000  1778112123513  1778112125712
read      307.8   165.7    80.4   134.0   149.4   261.9   335.9   380.0   417.0   467.2   539.3   644.2   850.6  1159.9  1616.8  85107.4    85000  1778112127216  1778112129414
read      334.1   211.8    80.4   140.5   156.9   269.1   341.4   390.0   436.3   514.0   623.4   783.7  1072.2  1535.2  2633.9  95046.9    95000  1778112130918  1778112133117
read      436.6   486.1    80.4   154.7   176.7   308.4   381.0   432.9   481.1   564.6   757.5  1197.2  2684.3  4888.7  8352.5 105171.4   105000  1778112134621  1778112136820
read      470.9   628.7    74.4   157.7   179.6   308.1   379.0   428.7   472.6   543.2   686.4  1389.2  3431.2  6732.7  8138.9 115347.0   115000  1778112138324  1778112140524
read      579.5   835.8    86.8   191.4   219.9   362.8   433.9   480.7   520.1   578.2   686.4  3099.4  3821.1  7775.4  9440.1 112589.2   125000  1778112142028  1778112144228
run 3
#type       avg     std     min      p5     p10     p50     p67     p75     p80     p85     p90     p95     p99    p999   p9999      QPS   target       ts_start         ts_end
read      224.0   107.0   101.3   153.4   164.8   213.8   234.1   247.0   256.1   269.7   288.5   321.7   402.7  1048.4  1885.7   5007.5     5000  1778112157615  1778112159875
read      260.9    83.5    93.8   156.2   175.2   253.9   284.3   303.7   317.1   332.7   350.8   380.9   445.5   625.8  1890.3  14856.5    15000  1778112161379  1778112163619
read      267.3   103.0    80.4   145.1   162.6   260.4   300.8   321.9   337.1   354.0   373.8   405.0   468.9   591.9  2036.8  25005.0    25000  1778112165124  1778112167326
read      276.2   130.5    80.4   139.3   155.7   267.3   317.3   341.8   358.8   377.0   399.8   434.5   509.6   667.0  5373.4  35110.3    35000  1778112168830  1778112171030
read      281.6   129.9    80.4   136.9   152.2   264.1   324.3   354.8   375.4   398.8   427.8   469.1   557.0  1055.3  3318.7  44937.0    45000  1778112172533  1778112174737
read      279.0   117.4    74.4   132.1   146.9   257.4   324.3   358.0   381.2   407.9   440.9   489.0   580.1   694.5  1916.9  54870.5    55000  1778112176241  1778112178442
read      281.2   131.2    80.4   128.8   143.0   252.9   324.2   362.1   389.4   421.0   459.8   518.6   629.4   777.6  2260.9  64786.5    65000  1778112179945  1778112182150
read      288.9   148.0    80.4   130.0   144.3   250.0   323.3   365.7   396.8   435.0   487.8   567.8   743.5  1035.6  2994.0  74729.3    75000  1778112183654  1778112185855
read      295.8   165.8    74.4   129.6   144.5   251.1   322.8   366.4   400.7   446.3   508.3   605.9   826.8  1274.3  3490.5  85047.2    85000  1778112187359  1778112189564
read      334.9   221.0    80.4   140.2   156.7   267.7   338.8   388.3   435.7   514.0   621.1   774.3  1141.3  1859.0  2875.1  94806.0    95000  1778112191068  1778112193270
read      526.2   696.2    80.4   166.8   193.4   340.9   421.4   474.2   520.1   586.6   736.3  1957.0  3538.3  7585.1  8130.7 104575.4   105000  1778112194774  1778112196976
read      586.4   845.3    93.8   193.3   222.0   370.2   441.9   488.9   527.8   581.4   678.4  3070.6  3753.8  7762.5 10179.7 109654.8   115000  1778112198481  1778112200683
read      570.6   832.6    86.8   177.8   206.5   346.3   423.6   480.7   534.2   612.6   737.4  2888.7  4066.3  7734.0  9150.5 114262.8   125000  1778112202188  1778112204388

Memcached with T =3 threads, C=3 core
run 1
#type       avg     std     min      p5     p10     p50     p67     p75     p80     p85     p90     p95     p99    p999   p9999      QPS   target       ts_start         ts_end
read      223.1   179.2    93.8   151.7   162.4   207.5   228.9   241.2   250.8   263.7   281.8   315.8   405.8  1961.7  9494.2   4995.5     5000  1778112274238  1778112276503
read      262.4    97.3    80.4   158.0   176.5   252.8   284.4   303.4   316.8   333.4   353.8   385.8   458.4  1079.1  2920.1  14914.5    15000  1778112278008  1778112280248
read      258.3    83.2    86.8   145.1   163.2   253.0   285.9   304.6   318.1   335.1   356.1   389.0   461.1   615.5  2035.9  25029.5    25000  1778112281753  1778112283959
read      274.3   119.8    74.4   147.8   164.3   265.6   309.2   331.7   346.4   364.5   386.4   420.6   501.2  1233.4  3676.4  35054.0    35000  1778112285464  1778112287663
read      272.3   105.5    80.4   140.5   156.5   261.6   313.0   338.1   355.1   373.7   398.3   434.6   519.1   683.9  3153.8  44815.0    45000  1778112289168  1778112291369
read      272.7   104.2    80.4   136.7   152.0   258.6   316.0   343.9   363.0   384.1   409.3   450.8   540.3   716.7  1614.2  55335.6    55000  1778112292873  1778112295073
read      262.8   102.7    80.4   133.6   148.8   243.7   301.5   332.9   353.4   375.3   401.6   442.1   529.1   702.9  1225.8  65192.0    65000  1778112296579  1778112298779
read      264.6   129.2    80.4   129.7   144.3   242.2   302.2   335.1   357.0   381.3   410.4   454.3   551.2   921.8  3631.6  74773.0    75000  1778112300284  1778112302485
read      256.2   127.8    80.4   129.4   143.1   232.6   288.1   321.1   343.8   369.6   399.5   443.7   541.0   810.3  4745.7  85048.0    85000  1778112303990  1778112306189
read      262.4   107.8    74.4   131.2   146.2   241.6   297.6   329.3   351.3   376.2   406.3   452.5   550.9   751.8  1868.9  95608.5    95000  1778112307694  1778112309895
read      261.5   103.4    80.4   132.8   147.9   240.5   295.2   326.9   349.1   374.1   404.5   451.3   545.3   702.1  1054.5 104731.5   105000  1778112311400  1778112313599
read      296.2   162.6    80.4   138.3   154.1   258.7   325.3   364.3   393.0   427.9   476.5   568.6   790.0  1215.6  4760.2 114854.4   115000  1778112315105  1778112317306
read      288.6   138.7    80.4   141.7   159.7   266.9   321.5   352.5   374.4   400.8   435.3   495.9   656.0  1262.4  4059.3 125111.4   125000  1778112318810  1778112321011
run 2
#type       avg     std     min      p5     p10     p50     p67     p75     p80     p85     p90     p95     p99    p999   p9999      QPS   target       ts_start         ts_end
read      222.9   126.9   101.3   153.0   163.4   211.1   231.4   244.1   253.7   267.0   285.5   319.3   395.0  1100.5  7536.5   4998.0     5000  1778112332458  1778112334710
read      259.0    71.8    93.8   159.7   177.6   252.5   281.3   298.5   311.2   325.3   344.4   373.7   444.9   624.9  1159.7  14904.5    15000  1778112336214  1778112338461
read      261.6    86.8    86.8   148.2   165.5   256.2   291.2   310.7   323.8   340.1   361.2   393.1   460.8   656.9  2036.0  25056.0    25000  1778112339964  1778112342163
read      272.5   119.4    74.4   140.9   157.8   265.8   310.6   333.6   348.7   367.0   389.5   422.5   493.2   672.7  5199.9  34821.0    35000  1778112343668  1778112345867
read      272.4   105.5    80.4   136.9   152.7   263.2   316.5   342.1   359.7   378.9   402.1   436.3   507.0   619.4  3604.1  44854.0    45000  1778112347371  1778112349570
read      265.5   104.0    80.4   132.5   147.3   251.5   307.5   336.1   355.2   375.8   402.0   440.0   521.1   654.3  2038.8  54879.0    55000  1778112351074  1778112353275
read      260.9   108.5    74.4   130.2   144.7   242.7   300.6   331.9   352.4   375.0   402.4   441.5   520.5   640.4  2566.5  64895.0    65000  1778112354780  1778112356977
read      259.5   119.5    80.4   128.9   143.0   238.6   296.8   329.3   350.5   374.6   402.8   445.0   533.9   676.0  4399.3  74699.5    75000  1778112358482  1778112360681
read      256.7   108.6    80.4   129.0   142.7   233.2   290.7   324.2   347.0   372.4   402.7   447.9   541.3   716.6  2601.8  84737.0    85000  1778112362186  1778112364390
read      256.0   105.7    74.4   129.5   143.5   233.0   288.8   321.8   344.5   370.1   400.7   446.1   541.4   722.0  1686.6  94526.4    95000  1778112365895  1778112368096
read      257.4   126.0    80.4   131.5   146.1   233.7   287.0   319.2   341.9   367.5   398.5   444.1   541.0   768.6  4191.3 104793.8   105000  1778112369600  1778112371801
read      278.7   144.6    80.4   137.9   153.8   253.4   311.3   343.6   367.1   393.8   428.0   483.5   626.9   991.5  4387.9 114346.5   115000  1778112373305  1778112375509
read      289.0   133.8    74.4   143.2   160.6   264.5   320.3   352.5   375.7   403.1   440.9   505.4   688.7  1003.6  3700.3 124971.1   125000  1778112377013  1778112379212
run 3
#type       avg     std     min      p5     p10     p50     p67     p75     p80     p85     p90     p95     p99    p999   p9999      QPS   target       ts_start         ts_end
read      226.2   166.4   101.3   154.3   165.1   213.6   234.0   247.2   256.5   269.2   287.8   319.0   399.6  1241.6  9502.5   4941.0     5000  1778112392613  1778112394870
read      262.3    93.4   101.3   161.0   178.7   254.6   284.1   301.9   314.7   330.0   348.6   378.9   445.1  1092.4  3771.7  14945.0    15000  1778112396375  1778112398619
read      271.6    91.6    86.8   150.5   168.2   266.1   304.1   324.0   338.7   355.6   376.1   409.5   476.8   626.4  3491.1  24973.1    25000  1778112400123  1778112402324
read      275.4    95.5    80.4   143.1   159.8   269.1   315.6   339.0   355.2   373.1   396.4   430.7   503.2   639.4  1988.3  34819.0    35000  1778112403828  1778112406031
read      267.6   105.3    74.4   137.1   152.1   256.9   307.7   333.9   351.3   371.0   395.9   431.2   503.1   631.1  4069.8  45029.5    45000  1778112407536  1778112409738
read      269.6   102.3    80.4   134.1   149.6   256.5   314.8   342.7   361.3   381.6   405.5   443.0   524.6   630.4  1283.5  55000.4    55000  1778112411242  1778112413442
read      260.2   110.9    80.4   130.0   143.9   241.9   300.1   331.0   351.3   373.5   400.7   439.6   522.8   655.6  3110.5  65080.0    65000  1778112414947  1778112417150
read      258.3   131.4    80.4   130.0   143.9   235.4   293.9   326.6   348.8   372.6   400.5   441.5   529.5   671.5  6540.5  75016.0    75000  1778112418655  1778112420856
read      261.6   109.7    80.4   129.6   143.4   236.2   297.0   332.1   355.8   382.5   414.5   462.7   571.1   726.3  1100.8  84899.5    85000  1778112422360  1778112424562
read      255.0   107.1    80.4   130.5   144.4   231.9   286.1   319.1   342.1   368.1   399.0   443.9   536.7   733.7  1743.4  95219.4    95000  1778112426067  1778112428269
read      271.2   112.5    80.4   136.4   151.7   249.1   307.2   339.7   362.5   388.3   420.1   466.2   569.7   783.8  1888.6 104648.8   105000  1778112429773  1778112431976
read      275.0   126.5    80.4   136.7   151.8   248.5   307.1   340.3   364.6   392.7   428.5   487.0   636.3  1026.1  2488.0 114796.4   115000  1778112433481  1778112435683
read      347.4   180.0    80.4   147.6   167.2   306.3   383.0   429.7   467.5   519.1   594.6   713.8   900.9  1117.2  3335.4 124064.9   125000  1778112437188  1778112439389