read      237.5    93.9    86.8   139.0   152.8   223.1   256.9   276.5   291.9   310.6   335.7   377.1   481.1   845.2  3071.1  30088.4    30005  1778426771640  1778426781766
read      233.4   102.4    86.8   137.0   149.5   219.1   252.1   271.5   286.5   304.5   329.0   370.5   481.9   881.7  3649.2  30028.2    30010  1778426783278  1778426793384
read      215.9    83.2    86.8   133.2   143.5   202.7   232.7   250.6   264.2   280.2   301.4   336.0   426.8   761.8  3025.6  29940.9    30015  1778426794896  1778426804998
read      227.7    98.6    86.8   135.3   146.7   213.7   246.1   265.4   279.5   296.7   320.0   360.5   470.1   776.5  3611.0  29985.5    30020  1778426806511  1778426816614
read      225.5   101.7    86.8   133.3   144.2   210.3   243.7   263.2   277.1   294.8   318.4   359.0   469.0  1045.9  3488.3  30076.9    30025  1778426818127  1778426828229
read      229.6    99.0    86.8   137.0   148.6   215.0   247.7   266.9   280.8   297.4   320.6   362.1   481.5   976.8  3555.9  30067.0    30030  1778426829742  1778426839846
read      225.2    90.6    80.4   135.4   146.5   211.1   243.1   262.1   275.4   293.2   316.3   356.1   467.9   775.2  3698.2  30028.0    30035  1778426841358  1778426851466
read      215.6    87.4    86.8   132.7   143.1   202.1   232.5   250.7   264.4   280.5   302.1   337.5   425.2   675.4  3116.4  29933.6    30040  1778426852978  1778426863079
read      228.3    98.6    86.8   136.5   148.1   215.0   246.9   265.7   279.2   295.7   318.0   356.2   463.6   849.8  3698.5  30049.0    30045  1778426864592  1778426874694
read      225.6   100.3    86.8   135.4   146.2   210.7   243.0   262.4   276.0   293.9   317.4   357.7   466.0   969.2  3967.3  30072.5    30050  1778426876207  1778426886306
read      228.7    96.8    86.8   137.1   148.7   214.4   246.5   265.4   279.1   295.8   318.7   359.0   480.2  1003.9  3098.4  30117.1    30055  1778426887819  1778426897924
read      224.1    99.2    80.4   133.1   144.3   210.9   242.6   261.6   274.8   292.1   314.6   352.2   459.8   797.3  3627.5  30062.6    30060  1778426899437  1778426909540
read      221.7    91.5    86.8   133.6   144.3   207.0   238.8   257.9   271.9   289.5   312.6   350.7   457.9   847.5  3112.3  30007.2    30065  1778426911051  1778426921152
read      224.8    92.3    86.8   134.7   145.5   210.5   242.9   262.3   275.9   293.5   316.9   356.6   463.6   834.8  3159.9  30018.0    30070  1778426922665  1778426932768
read      227.1    90.3    86.8   134.9   146.8   213.7   246.0   265.1   279.0   296.0   319.4   359.1   462.5   736.5  2878.7  30057.3    30075  1778426934281  1778426944384
read      241.7   102.5    86.8   140.4   154.5   226.7   260.8   281.0   296.0   315.6   341.9   386.4   499.6   936.7  3183.7  30045.2    30080  1778426945897  1778426956000
read      241.8    93.1    86.8   142.3   156.2   227.4   262.2   282.3   296.9   316.3   342.1   384.7   482.6   761.5  2766.8  30105.0    30085  1778426957513  1778426967616
read      237.7    92.2    80.4   140.8   154.2   223.8   257.0   276.3   291.3   309.6   334.5   374.6   486.8   728.1  2934.6  30100.1    30090  1778426969130  1778426979231
read      237.2   102.1    80.4   140.5   154.0   222.9   255.8   275.2   290.2   308.2   332.7   373.0   473.2   899.3  3809.0  29965.7    30095  1778426980742  1778426990841
read      237.5    92.6    86.8   140.2   154.0   223.8   256.9   276.0   291.1   309.3   334.0   374.4   477.9   811.2  2841.0  30053.8    30100  1778426992353  1778427002459
read      244.3    99.1    86.8   143.8   157.4   228.5   263.3   283.9   298.9   318.5   345.0   390.9   509.1   863.3  3020.1  30086.1    30105  1778427003971  1778427014072
read      236.9    94.5    80.4   138.4   151.5   222.7   257.1   277.2   292.8   311.9   337.9   379.3   475.0   732.2  2768.0  30134.5    30110  1778427015584  1778427025684
read      218.4    95.0    86.8   131.6   142.3   205.8   235.6   253.6   267.2   283.1   304.1   338.4   437.0   880.0  2822.2  30077.3    30115  1778427027196  1778427037299
read      230.3    92.5    80.4   134.9   147.7   216.5   249.3   269.0   283.7   301.2   325.7   367.3   468.7   799.9  2878.4  30096.3    30120  1778427038812  1778427048914
read      235.9   101.0    80.4   139.2   151.7   221.3   254.8   274.6   290.1   308.7   333.9   375.0   482.6   841.5  3751.9  30129.9    30125  1778427050427  1778427060528
read      229.9   101.9    80.4   135.4   147.4   215.1   249.1   269.2   284.2   302.0   326.1   367.4   462.7   749.7  3747.1  30064.9    30130  1778427062040  1778427072143
read      234.8    98.0    80.4   135.4   149.1   220.4   254.5   274.6   290.2   309.1   334.7   375.1   476.7   725.9  3683.6  30165.6    30135  1778427073655  1778427083755
read      237.9    98.4    86.8   139.2   152.2   222.8   257.7   278.3   294.0   313.2   339.2   382.0   477.1   784.8  3089.5  30171.9    30140  1778427085268  1778427095369
read      240.8   112.0    80.4   139.9   153.4   224.0   257.8   278.1   293.8   313.7   340.9   386.9   514.0  1175.5  4195.8  30134.7    30145  1778427096883  1778427106988
read      240.7   101.5    80.4   141.4   154.9   225.5   260.2   280.5   295.4   314.6   340.2   382.1   483.2  1090.0  3228.3  30159.6    30150  1778427108499  1778427118602
read      238.3   103.4    86.8   139.3   152.9   223.6   257.0   276.8   292.2   311.2   337.0   380.6   496.3   819.5  3305.1  30024.6    30155  1778427120116  1778427130222
read      236.2    95.8    86.8   134.6   148.8   220.8   255.8   276.2   292.3   312.4   339.6   385.8   497.5   729.1  3127.0  30152.5    30160  1778427131735  1778427141836
read      234.8    96.6    86.8   137.6   150.4   219.5   253.3   273.5   289.4   308.8   335.2   378.0   478.2   815.8  3446.5  30198.1    30165  1778427143350  1778427153453
read      239.6   104.7    80.4   139.0   152.6   224.5   258.7   278.8   294.1   313.6   339.8   383.1   498.0   914.4  4056.0  30258.1    30170  1778427154966  1778427165070
read      240.2   107.0    86.8   139.0   152.7   224.4   259.4   279.7   295.1   314.9   341.4   386.7   501.9   956.5  3856.3  30141.7    30175  1778427166584  1778427176687
read      243.8    97.0    80.4   141.7   156.7   229.5   263.1   282.9   297.4   316.6   342.5   386.7   502.4   901.0  3183.3  30060.5    30180  1778427178199  1778427188300
read      235.6    95.5    86.8   141.2   153.9   221.5   254.1   273.2   288.1   305.8   330.1   371.1   471.4   820.6  3351.7  30075.2    30185  1778427189812  1778427199917
read      239.3    97.6    86.8   141.2   155.0   224.8   257.7   277.3   292.2   310.7   335.9   377.7   491.7   913.6  3071.3  30376.1    30190  1778427201429  1778427211533
read      239.6    99.2    86.8   142.7   155.8   224.7   258.5   278.4   293.6   312.6   338.0   381.0   483.8   747.8  3406.8  30272.5    30195  1778427213046  1778427223147
read      239.2   102.7    80.4   140.0   153.3   223.7   258.9   279.4   294.6   313.9   339.8   382.9   478.9   859.0  3679.1  30279.1    30200  1778427224659  1778427234765
read      238.1   103.4    80.4   138.3   152.0   223.3   257.4   277.3   292.7   311.9   338.0   382.1   493.3   787.4  3418.6  30231.6    30205  1778427236278  1778427246380
read      235.3    99.0    80.4   138.1   151.1   220.6   254.0   274.2   290.1   309.1   334.8   375.5   472.1   741.0  3868.0  30149.4    30210  1778427247891  1778427257992
read      244.6    96.9    86.8   144.7   159.3   230.5   264.2   284.0   298.4   317.4   342.8   385.6   492.5   770.6  3278.4  30284.4    30215  1778427259504  1778427269605
read      246.2   109.2    80.4   140.9   155.6   229.5   264.7   285.6   301.5   321.1   349.7   398.3   531.3  1005.9  4121.3  30168.2    30220  1778427271117  1778427281216
read      232.7    98.6    86.8   140.8   153.8   219.9   251.2   269.5   283.2   299.5   322.0   362.1   449.3   743.7  3998.1  30218.9    30225  1778427282729  1778427292830
read      238.6   100.5    80.4   139.2   153.1   224.2   258.5   278.5   294.0   313.3   339.1   380.6   477.2   747.9  3836.8  30229.3    30230  1778427294341  1778427304445
read      248.2   109.1    86.8   142.9   157.7   231.1   265.6   286.1   301.4   320.8   349.7   399.3   549.1  1090.5  4101.5  30163.8    30235  1778427305960  1778427316060
read      239.8   107.5    86.8   139.0   152.4   223.9   258.8   279.7   295.4   315.0   341.4   387.4   494.9   903.3  4058.9  30253.0    30240  1778427317573  1778427327673
read      243.0   100.3    86.8   142.8   156.8   227.5   262.1   282.5   297.4   316.7   342.8   386.8   498.5   932.0  3200.9  30173.8    30245  1778427329186  1778427339291
read      237.6   106.6    80.4   139.8   153.0   222.6   255.8   275.3   290.7   309.4   334.9   377.1   483.8  1010.5  3929.0  30146.3    30250  1778427340803  1778427350906
read      239.1    97.1    80.4   139.7   153.5   225.7   260.1   279.6   294.1   312.6   337.6   379.0   478.1   732.1  3188.3  30281.7    30255  1778427352418  1778427362526
read      237.8    84.3    86.8   143.9   156.5   224.8   257.9   276.8   291.5   309.3   332.9   371.5   466.1   714.9  2560.3  30231.4    30260  1778427364040  1778427374143
read      234.9   100.2    80.4   137.8   150.7   220.2   254.1   274.4   290.4   309.5   335.1   375.9   466.3   696.4  3706.3  30282.8    30265  1778427375657  1778427385759
read      239.6   103.1    80.4   141.2   154.7   225.8   258.9   277.9   292.9   311.4   336.5   377.6   486.7   775.2  3980.4  30328.1    30270  1778427387273  1778427397374
read      235.5   115.8    80.4   133.6   148.3   221.3   254.8   274.9   290.7   309.8   335.9   379.1   485.2   799.8  3601.6  30205.9    30275  1778427398886  1778427408990
read      237.4    97.7    80.4   138.7   152.1   222.7   256.8   276.9   292.8   312.2   338.4   381.5   480.4   743.6  3652.4  30369.4    30280  1778427410502  1778427420607
read      239.1    96.9    86.8   139.1   153.5   225.4   258.7   278.4   293.4   312.2   337.9   380.3   483.4   774.5  3193.8  30281.1    30285  1778427422119  1778427432222
read      238.5   102.0    86.8   140.4   154.4   224.6   257.1   276.6   291.9   310.7   336.1   377.0   480.6   730.9  3717.4  30319.5    30290  1778427433734  1778427443838
read      234.4   100.8    80.4   135.1   148.7   218.7   252.6   272.7   288.4   307.8   335.0   380.7   488.6   940.9  3391.1  30312.5    30295  1778427445350  1778427455452
read      231.0   102.5    80.4   133.3   146.5   216.1   249.7   269.9   285.3   304.1   329.9   372.3   467.3   793.4  3954.4  30331.9    30300  1778427456966  1778427467066
read      235.7    90.3    86.8   141.5   154.6   222.3   254.5   273.8   289.1   307.2   331.5   370.5   461.1   708.7  2943.5  30332.2    30305  1778427468579  1778427478685
read      236.2    94.3    86.8   139.9   153.3   221.9   254.6   274.3   289.7   308.4   334.0   374.6   476.5   704.4  3198.3  30274.9    30310  1778427480198  1778427490305
read      238.3    98.5    80.4   139.2   152.9   223.7   257.1   276.9   292.5   311.6   337.6   380.6   488.2   889.7  3607.7  30230.9    30315  1778427491817  1778427501919
read      236.1    90.1    86.8   142.0   154.5   222.0   254.6   274.1   289.5   307.9   332.8   373.6   471.2   676.0  2978.2  30328.9    30320  1778427503432  1778427513531
read      236.1   105.8    80.4   141.9   154.6   221.9   254.7   274.0   289.0   306.7   330.5   370.8   464.4   812.9  3474.7  30372.6    30325  1778427515044  1778427525144
read      235.4   109.2    80.4   138.4   151.5   220.4   253.1   272.7   287.9   306.1   330.9   372.6   481.5  1072.3  4274.8  30267.6    30330  1778427526657  1778427536763
read      232.7    96.2    80.4   136.8   150.0   219.6   253.5   273.0   288.1   305.9   329.7   368.3   456.6   640.6  3084.1  30330.3    30335  1778427538275  1778427548377
read      238.2   103.9    86.8   139.6   153.3   223.9   256.8   276.2   291.4   309.9   335.3   377.2   493.5   793.6  4114.2  30299.5    30340  1778427549890  1778427560005
read      231.8    88.4    80.4   139.4   152.1   219.0   250.4   269.3   283.6   300.7   324.1   364.7   457.2   689.4  3103.4  30377.6    30345  1778427561518  1778427571620
read      243.1    94.0    80.4   144.1   158.1   228.3   262.4   282.5   297.1   316.7   343.2   388.1   496.6   730.6  3179.9  30403.3    30350  1778427573134  1778427583241