read      231.0    85.8    80.4   136.3   149.7   217.5   249.6   268.9   283.6   301.5   327.2   369.4   463.7   683.9  2667.3  30032.6    30000  1778429060884  1778429071037
read      232.8    98.7    80.4   138.0   150.5   218.4   251.9   271.6   286.7   305.0   330.1   370.8   468.4   711.8  2977.0  29921.9    30005  1778429072549  1778429082678
read      218.3   101.3    80.4   133.7   144.0   203.4   234.9   253.9   268.2   285.0   307.2   342.8   435.0   781.8  3359.2  30069.6    30010  1778429084190  1778429094290
read      230.1    88.5    86.8   137.1   148.7   216.6   249.8   269.2   283.6   300.8   324.0   364.1   468.5   732.6  2375.2  30065.2    30015  1778429095803  1778429105908
read      226.1    96.4    86.8   134.8   145.8   209.7   243.4   263.6   278.3   296.2   320.7   364.2   483.3   920.6  2952.6  29906.4    30020  1778429107422  1778429117525
read      239.0   141.0    86.8   138.2   151.2   223.0   256.8   276.6   292.2   310.9   336.1   379.5   514.7   972.4  7343.9  30033.7    30025  1778429119038  1778429129141
read      231.6   105.6    86.8   136.3   148.0   215.6   249.7   269.7   284.9   303.2   328.0   370.2   492.1  1089.0  3879.3  30012.3    30030  1778429130655  1778429140761
read      229.0   104.0    80.4   135.7   147.4   214.3   247.6   267.2   281.5   298.3   321.3   362.6   468.7   926.9  4012.1  29986.5    30035  1778429142273  1778429152378
read      214.8    91.4    86.8   132.4   142.6   201.3   231.9   250.1   263.6   278.9   298.9   333.2   421.6   688.3  3198.3  29969.1    30040  1778429153890  1778429163990
read      219.1    87.6    86.8   133.7   144.3   205.4   236.2   255.1   269.3   286.0   307.8   342.9   436.0   718.2  2954.9  30024.7    30045  1778429165501  1778429175605
read      214.7    87.2    80.4   130.1   140.2   200.5   232.4   251.3   265.4   282.0   304.1   339.6   432.7   732.8  3162.9  30048.6    30050  1778429177118  1778429187220
read      226.5    94.1    86.8   134.3   145.9   212.8   245.1   264.3   278.0   294.9   317.8   357.4   467.0   876.7  3209.9  30022.5    30055  1778429188733  1778429198837
read      223.3    95.4    86.8   133.2   144.8   208.7   241.0   260.5   274.5   292.3   315.5   354.1   458.6   827.2  3071.8  30039.5    30060  1778429200349  1778429210450
read      230.2   110.3    86.8   134.4   146.7   216.1   248.9   267.9   281.9   298.5   321.1   362.0   478.9  1058.4  4254.0  30038.9    30065  1778429211961  1778429222064
read      224.3    86.7    86.8   134.7   145.9   210.3   242.4   261.5   274.7   292.3   315.3   354.7   469.6   774.8  2724.3  30138.0    30070  1778429223578  1778429233682
read      235.3   112.3    80.4   133.2   148.0   220.7   254.1   274.1   290.2   309.7   336.2   380.3   488.3   811.4  3435.6  30132.8    30075  1778429235196  1778429245308
read      236.9    92.8    86.8   139.9   153.5   223.2   256.2   275.7   291.1   309.7   334.8   374.6   469.6   736.6  3020.8  30061.5    30080  1778429246820  1778429256932
read      236.3   102.7    86.8   137.2   150.6   222.7   256.2   275.9   291.4   310.0   335.3   375.5   471.3   750.0  3944.3  30064.0    30085  1778429258447  1778429268554
read      237.0   294.6    86.8   140.7   153.7   221.8   254.3   273.5   288.7   306.9   331.4   371.4   469.6   734.0  4150.2  30103.1    30090  1778429270067  1778429280171
read      241.3   111.8    86.8   141.0   155.1   225.7   259.7   279.9   295.2   315.0   341.4   385.9   496.6   864.7  4020.6  30015.6    30095  1778429281686  1778429291792
read      237.0    95.2    86.8   141.1   154.6   223.4   256.1   275.1   290.4   308.7   333.6   373.6   467.3   746.6  3063.2  30057.1    30100  1778429293306  1778429303413
read      244.6   115.1    80.4   142.2   155.9   227.5   262.5   283.1   298.3   318.5   346.2   394.8   525.4  1077.3  4302.7  30103.9    30105  1778429304926  1778429315047
read      213.1    94.1    80.4   128.4   138.8   199.3   230.1   247.9   261.1   276.0   296.6   331.9   438.6   962.2  3465.3  30179.3    30110  1778429316561  1778429326665
read      224.3   100.0    80.4   133.9   145.5   210.0   241.9   261.4   275.2   293.5   317.3   358.1   453.2   735.8  3474.5  30125.9    30115  1778429328176  1778429338278
read      224.1    91.3    80.4   131.2   143.5   210.7   243.5   263.0   276.9   294.6   318.1   357.0   443.4   710.5  3201.8  30031.1    30120  1778429339791  1778429349895
read      226.4    97.2    80.4   130.9   142.9   211.2   246.1   266.8   282.1   300.8   326.7   369.1   458.5   685.2  3218.8  30060.2    30125  1778429351406  1778429361511
read      231.2    94.6    80.4   137.3   150.0   217.6   250.4   270.0   284.8   302.5   326.1   365.8   455.3   718.0  3428.7  30160.9    30130  1778429363023  1778429373125
read      232.1    93.3    80.4   141.5   153.7   218.7   250.2   269.0   283.2   300.1   323.1   363.3   451.3   693.2  3412.5  30025.3    30135  1778429374637  1778429384743
read      233.8   109.5    80.4   136.5   150.3   219.5   251.9   271.1   285.9   303.6   327.9   369.5   474.4   879.8  4543.2  30194.2    30140  1778429386254  1778429396359
read      246.3   106.4    86.8   140.5   155.5   230.6   265.7   287.0   303.2   323.2   351.9   398.3   512.7   840.6  3193.4  30241.4    30145  1778429397871  1778429407977
read      251.0   109.4    80.4   142.7   158.0   233.2   270.2   292.6   310.2   331.8   361.4   408.0   529.1  1063.0  4001.3  30165.3    30150  1778429409489  1778429419591
