#type       avg     std     min      p5     p10     p50     p67     p75     p80     p85     p90     p95     p99    p999   p9999      QPS   target       ts_start         ts_end
read      228.6    94.6    80.4   134.2   147.4   215.4   248.3   267.7   282.1   299.2   322.7   363.0   448.2   657.3  3404.2  30013.2    30000  1778428237468  1778428247664
read      235.7   104.2    86.8   140.1   153.0   220.7   253.9   274.1   289.7   308.5   333.8   374.2   468.8   734.5  3388.4  29978.2    30005  1778428249178  1778428259304
read      219.4    85.2    86.8   133.8   144.6   205.6   236.8   255.6   269.4   286.1   308.2   343.5   435.8   740.7  3135.6  30050.4    30010  1778428260816  1778428270920
read      224.0    93.5    86.8   134.9   146.4   210.8   242.1   260.9   274.1   291.2   313.4   349.3   454.7   743.2  3165.7  29996.4    30015  1778428272431  1778428282532
read      220.2   102.0    86.8   134.6   145.5   206.8   237.6   256.1   269.8   286.2   307.7   341.9   428.7   704.4  4013.2  29935.0    30020  1778428284044  1778428294148
read      215.0    95.4    86.8   133.0   143.4   201.6   231.9   249.7   263.1   278.5   298.6   332.3   412.1   699.1  3903.3  30021.3    30025  1778428295660  1778428305761
read      222.5    94.6    86.8   135.9   146.7   208.8   240.4   259.3   272.8   289.9   312.2   346.7   438.0   694.2  3349.2  29927.6    30030  1778428307274  1778428317377
read      218.4    87.6    86.8   134.4   145.0   204.2   234.4   253.2   267.3   284.0   306.0   342.2   437.3   743.9  3081.3  30083.9    30035  1778428318890  1778428328994
read      221.5    89.1    86.8   134.9   146.0   207.9   238.9   257.7   271.6   288.5   310.5   344.5   431.3   737.1  3152.6  29984.6    30040  1778428330505  1778428340609
read      217.8    88.8    80.4   133.8   144.4   204.5   234.9   253.6   267.5   284.0   305.5   340.1   425.9   633.6  2883.6  29968.8    30045  1778428342121  1778428352226
read      220.4    94.7    86.8   132.9   143.7   206.8   238.5   257.4   271.3   288.2   310.1   345.0   439.7   687.9  4070.8  30023.8    30050  1778428353738  1778428363842
read      213.0    80.3    86.8   131.8   141.9   199.3   230.2   248.3   261.9   277.7   298.6   333.2   414.3   634.9  2615.6  30060.5    30055  1778428365355  1778428375458
read      218.6    95.5    80.4   133.0   143.5   204.7   235.8   254.7   269.1   286.1   308.4   344.0   431.5   739.3  2992.2  30023.4    30060  1778428376971  1778428387076
read      218.8    97.7    80.4   134.0   144.2   204.5   235.8   254.5   268.7   285.5   307.6   342.7   431.6   729.8  4065.6  30138.5    30065  1778428388589  1778428398693
read      223.9    91.6    80.4   135.8   146.9   209.7   241.7   260.7   274.2   291.5   314.1   351.4   455.9   824.1  3230.8  30033.5    30070  1778428400206  1778428410316
read      235.6   102.7    80.4   135.9   149.6   220.2   254.4   274.7   290.7   310.4   337.2   381.1   490.5   806.2  3815.4  30096.9    30075  1778428411829  1778428421932
read      237.5   107.4    80.4   140.5   153.9   222.6   255.5   274.9   290.3   308.9   334.7   377.8   485.2   826.2  4221.8  30083.5    30080  1778428423446  1778428433549
read      231.8    91.5    80.4   139.2   151.6   218.1   250.7   270.2   285.0   302.5   325.9   366.3   456.5   705.6  3103.7  30146.3    30085  1778428435061  1778428445165
read      233.2    92.3    80.4   136.2   149.6   218.2   251.7   271.7   287.3   306.4   332.9   375.9   480.1   776.1  2841.8  30085.9    30090  1778428446677  1778428456783
read      235.9    93.5    80.4   139.7   153.1   222.9   254.9   273.7   288.4   306.2   330.7   371.5   473.0   732.7  3199.5  30090.4    30095  1778428458295  1778428468396
read      232.4    87.3    86.8   139.6   152.3   219.2   251.8   270.9   285.4   302.6   325.8   365.7   457.8   717.5  2613.2  30075.8    30100  1778428469908  1778428480010
read      232.4    96.4    80.4   133.6   147.4   217.6   251.7   272.0   287.7   306.8   332.8   374.3   477.7   744.2  3161.1  30156.4    30105  1778428481521  1778428491623
read      229.0    95.7    86.8   135.4   147.6   214.1   247.6   267.4   282.0   299.5   323.3   366.0   463.1   963.4  3089.3  30159.8    30110  1778428493134  1778428503239
read      210.9   112.2    80.4   128.8   139.1   197.8   227.7   244.8   257.4   272.5   292.6   324.2   413.3   815.9  4991.8  30083.5    30115  1778428504752  1778428514857
read      224.9    93.6    80.4   133.8   146.2   212.5   243.6   262.0   274.8   291.8   313.8   350.4   443.3   713.8  3204.1  30107.2    30120  1778428516369  1778428526474
read      224.3    92.3    80.4   132.6   145.1   211.4   242.5   261.3   274.5   292.1   315.1   353.6   440.3   800.9  3202.2  30126.0    30125  1778428527986  1778428538092
read      223.1    85.8    86.8   134.6   146.2   209.8   241.4   260.7   274.3   291.9   314.6   352.1   436.2   634.7  2890.1  30167.7    30130  1778428539603  1778428549707
read      225.9    92.2    80.4   132.0   144.5   212.1   245.0   264.7   279.0   296.5   320.4   361.5   454.5   743.2  3226.2  30175.6    30135  1778428551220  1778428561327
read      230.3    89.4    86.8   137.9   150.8   217.5   249.6   268.5   282.7   299.7   322.9   362.1   447.8   682.7  2984.5  30074.3    30140  1778428562839  1778428572942
read      234.3    92.1    80.4   139.9   153.0   221.0   253.9   273.0   287.7   305.3   329.1   368.4   457.9   697.2  3173.7  30199.2    30145  1778428574453  1778428584554
read      237.8    98.7    80.4   141.3   154.4   223.8   257.5   277.1   292.0   310.2   334.7   373.9   471.3   790.7  3149.6  30139.9    30150  1778428586065  1778428596166
read      235.1    90.6    80.4   138.2   151.7   221.6   254.1   273.6   288.9   307.3   332.5   373.3   472.4   699.2  3019.4  30108.9    30155  1778428597678  1778428607779
read      229.7    92.0    80.4   136.3   149.2   216.3   248.6   268.1   282.7   300.0   324.3   365.4   453.7   682.3  3453.2  30162.8    30160  1778428609291  1778428619394
read      232.0    92.1    80.4   138.8   151.2   218.1   251.2   270.8   285.7   303.3   327.3   368.2   461.8   672.1  2512.0  30114.4    30165  1778428620906  1778428631010
read      238.0   103.3    86.8   141.7   154.7   223.2   256.7   276.3   291.7   310.3   335.2   376.6   473.8   903.2  3230.1  30085.6    30170  1778428632522  1778428642624
read      232.9    93.2    80.4   135.2   149.3   220.6   252.9   271.9   286.6   304.3   328.2   368.9   465.2   683.9  3174.6  30163.8    30175  1778428644135  1778428654238
read      233.4    96.1    74.4   137.7   150.5   219.5   252.4   271.8   286.7   304.6   329.9   371.8   477.6   694.9  3327.3  30160.5    30180  1778428655751  1778428665856
read      232.3    89.9    80.4   142.0   154.2   219.2   251.5   270.4   284.5   301.1   322.8   361.1   441.0   693.8  3275.1  30171.7    30185  1778428667368  1778428677475
read      230.2    91.8    80.4   138.0   150.6   217.6   248.8   267.7   281.7   298.1   321.6   363.3   453.1   634.9  3026.3  30159.4    30190  1778428678987  1778428689091
read      236.5    96.3    74.4   139.6   152.7   222.3   255.6   275.4   291.1   309.9   335.0   375.2   470.8   732.8  3437.7  30257.7    30195  1778428690604  1778428700707
read      232.0    92.0    80.4   139.1   151.6   218.1   250.9   270.4   285.3   303.2   327.4   367.5   455.1   664.0  3119.9  30221.3    30200  1778428702218  1778428712323
read      239.8   108.7    80.4   138.4   151.3   222.5   258.1   279.2   295.0   315.2   343.0   391.3   508.3  1122.7  3330.8  30237.3    30205  1778428713834  1778428723939
read      233.8    89.2    86.8   139.5   152.4   220.1   252.7   272.0   286.8   304.5   329.0   370.3   468.1   735.4  2924.6  30230.3    30210  1778428725450  1778428735551
read      234.4    93.3    80.4   140.1   152.8   220.7   254.0   273.8   289.0   307.1   331.3   370.6   459.9   632.1  3309.3  30210.6    30215  1778428737063  1778428747172
read      238.2    93.9    86.8   139.4   152.9   223.3   257.3   277.3   292.8   312.0   338.1   381.2   491.6   803.7  3161.4  30247.1    30220  1778428748683  1778428758790
read      233.3    88.4    86.8   139.3   152.3   220.3   252.5   271.8   286.6   304.2   328.0   367.8   460.5   659.0  2890.5  30229.5    30225  1778428760303  1778428770408
read      234.6    95.8    86.8   137.2   150.3   219.7   253.4   273.6   289.4   308.7   335.1   377.8   471.8   739.7  3226.5  30211.6    30230  1778428771920  1778428782020
read      241.0   109.3    80.4   141.8   155.6   225.3   258.8   278.7   293.9   313.2   339.4   384.3   495.3   949.6  4058.4  30218.1    30235  1778428783531  1778428793635
read      244.6    99.7    86.8   141.4   155.6   228.4   263.9   284.8   300.5   320.6   348.8   395.1   512.3  1024.6  3107.5  30246.6    30240  1778428795146  1778428805252
read      245.3   119.6    80.4   139.8   154.4   228.6   264.0   285.3   301.1   320.7   348.4   394.3   509.3  1362.1  4392.8  30293.6    30245  1778428806765  1778428816876
read      246.3   100.7    86.8   142.2   156.6   230.0   265.7   287.2   303.5   323.5   352.1   398.6   509.2   877.4  3223.6  30322.2    30250  1778428818389  1778428828498
read      239.5   100.6    80.4   139.7   153.8   225.2   258.6   278.4   293.5   312.5   338.4   381.4   489.5   777.9  3816.5  30150.3    30255  1778428830011  1778428840113
read      234.6    96.7    80.4   138.3   151.3   220.4   253.1   273.1   288.7   307.3   332.4   373.0   467.8   765.5  3417.5  30266.0    30260  1778428841625  1778428851728
read      232.5    86.5    86.8   139.0   152.0   220.0   251.8   270.6   285.1   302.7   326.7   366.8   455.9   660.3  2798.0  30271.3    30265  1778428853240  1778428863343
read      227.7    95.8    80.4   133.8   146.8   213.7   246.5   266.5   281.1   299.0   322.7   363.5   450.7   688.9  3938.1  30212.7    30270  1778428864855  1778428874961
read      237.5   101.0    80.4   141.2   154.4   223.1   256.5   275.9   291.4   309.9   335.0   375.1   469.1   762.9  3464.7  30208.1    30275  1778428876474  1778428886577
read      241.4   100.5    80.4   138.3   152.2   225.2   260.5   281.6   297.0   317.3   344.9   392.4   513.1   961.3  3212.8  30322.9    30280  1778428888090  1778428898193
read      242.2   104.1    86.8   139.9   153.9   225.9   260.3   280.8   296.4   316.7   344.7   392.6   521.5   923.0  3482.2  30265.4    30285  1778428899704  1778428909810
read      239.1   104.4    80.4   138.9   152.4   223.5   257.6   278.0   293.8   313.7   341.1   386.1   492.0   847.0  3934.2  30278.4    30290  1778428911322  1778428921425
read      247.6    99.9    86.8   143.3   157.8   230.0   266.3   288.0   304.6   325.3   355.3   402.9   534.3   886.1  3100.4  30254.3    30295  1778428922937  1778428933039
read      246.4   125.2    86.8   141.9   155.9   227.9   264.3   286.1   302.3   322.0   350.5   397.3   518.2  1331.0  4916.5  30237.6    30300  1778428934551  1778428944660
read      235.9    94.8    86.8   138.2   151.3   221.1   255.0   275.3   291.3   310.6   336.5   378.2   471.0   789.5  2976.6  30217.9    30305  1778428946172  1778428956276
read      253.4   238.6    86.8   141.6   155.1   227.9   264.5   286.6   303.6   324.7   356.1   410.2   618.8  2028.0 12224.7  30334.3    30310  1778428957788  1778428967912
