1 core
run 1
1778195074521,0.0
1778195075627,1.0
1778195076734,1.0
1778195077841,1.0
1778195078947,9.8
1778195080054,20.6
1778195081161,5.9
1778195082267,5.9
1778195083374,45.3
1778195084482,34.7
1778195085589,1.0
1778195086696,54.7
1778195087803,62.3
1778195088910,0.0
1778195090017,36.8
1778195091125,68.8
1778195092234,29.2
1778195093341,6.9
1778195094449,78.0
1778195095557,61.2
1778195096665,0.0
1778195097772,69.9
1778195098880,85.5
1778195099989,1.0
1778195101097,38.2
1778195102206,93.5
1778195103315,39.2
1778195104423,2.0
1778195105532,100.0
1778195106641,78.2
1778195107750,0.0
1778195108857,74.0
1778195109965,100.0
1778195111077,4.0
1778195112184,36.6
1778195113294,100.0
1778195114404,42.4
1778195115512,1.0
1778195116621,100.0
1778195117732,81.2
1778195118840,2.0
1778195119946,69.4
1778195121056,100.0
1778195122165,9.0
1778195123274,32.3
1778195124382,100.0
1778195125492,47.0
1778195126599,0.0
1778195127706,0.0
1778195128813,0.0
1778195129919,0.0
1778195131026,1.0
1778195132133,0.0
run 2
1778195441450,0.0
1778195442557,1.0
1778195443663,0.0
1778195444770,0.0
1778195445877,0.0
1778195446984,18.3
1778195448090,24.8
1778195449198,1.0
1778195450304,17.4
1778195451412,43.2
1778195452519,22.0
1778195453626,1.0
1778195454733,58.9
1778195455840,54.4
1778195456948,0.0
1778195458054,51.6
1778195459162,69.8
1778195460271,12.4
1778195461378,26.8
1778195462486,77.3
1778195463595,44.7
1778195464703,0.0
1778195465810,87.0
1778195466919,78.1
1778195468026,1.0
1778195469133,61.8
1778195470241,96.2
1778195471351,15.2
1778195472459,25.0
1778195473568,100.0
1778195474679,54.0
1778195475787,0.0
1778195476893,98.0
1778195478002,92.0
1778195479110,1.0
1778195480217,59.4
1778195481326,100.0
1778195482437,20.0
1778195483546,20.2
1778195484655,100.0
1778195485766,58.6
1778195486874,0.0
1778195487980,93.1
1778195489089,97.0
1778195490196,0.0
1778195491303,55.0
1778195492412,100.0
1778195493523,24.0
1778195494632,1.0
1778195495739,1.0
run 3
1778195650133,1.0
1778195651240,0.0
1778195652347,1.0
1778195653454,0.0
1778195654560,10.7
1778195655668,20.4
1778195656775,8.7
1778195657882,1.0
1778195658989,41.0
1778195660097,34.8
1778195661204,0.0
1778195662311,48.5
1778195663418,59.6
1778195664526,3.9
1778195665633,31.3
1778195666741,67.6
1778195667851,34.2
1778195668958,0.0
1778195670066,75.6
1778195671175,63.4
1778195672282,0.0
1778195673388,65.2
1778195674496,85.5
1778195675606,7.0
1778195676714,33.7
1778195677824,94.4
1778195678934,43.3
1778195680042,1.0
1778195681150,100.0
1778195682260,82.2
1778195683368,0.0
1778195684475,70.0
1778195685585,100.0
1778195686696,9.0
1778195687804,31.7
1778195688913,100.0
1778195690022,48.5
1778195691130,0.0
1778195692237,100.0
1778195693347,85.9
1778195694455,0.0
1778195695562,66.7
1778195696671,100.0
1778195697781,13.9
1778195698889,28.0
1778195699998,100.0
1778195701110,51.5
1778195702219,0.0
1778195703326,0.0
2 core
run 1
1778196268240,0.0
1778196269346,1.0
1778196270453,1.0
1778196271560,1.0
1778196272667,29.6
1778196273773,23.3
1778196274880,2.0
1778196275987,25.9
1778196277094,35.7
1778196278202,4.1
1778196279308,13.1
1778196280416,62.5
1778196281524,37.1
1778196282631,0.0
1778196283738,86.2
1778196284845,85.7
1778196285953,0.0
1778196287059,70.6
1778196288168,110.0
1778196289276,27.0
1778196290384,29.0
1778196291493,128.6
1778196292603,83.2
1778196293712,0.0
1778196294819,132.1
1778196295929,137.7
1778196297038,0.0
1778196298144,86.7
1778196299254,152.7
1778196300365,39.6
1778196301474,30.2
1778196302586,168.4
1778196303698,107.1
1778196304807,2.0
1778196305914,162.5
1778196307025,181.0
1778196308134,1.0
1778196309241,101.5
1778196310351,199.0
1778196311466,53.3
1778196312576,29.8
1778196313688,200.0
1778196314801,127.0
1778196315911,0.0
1778196317018,175.2
1778196318128,200.0
1778196319238,0.0
1778196320344,1.0
1778196321451,1.0
1778196322558,0.0
1778196323665,3.0
1778196324771,1.0
1778196325878,1.0
1778196326984,0.0
run 2
1778196403259,2.0
1778196404366,1.0
1778196405472,0.0
1778196406579,0.0
1778196407685,23.1
1778196408792,28.5
1778196409899,2.0
1778196411006,14.1
1778196412113,43.3
1778196413221,17.1
1778196414327,3.0
1778196415434,71.3
1778196416543,53.1
1778196417650,1.0
1778196418757,72.6
1778196419864,94.3
1778196420973,8.0
1778196422080,45.8
1778196423190,113.7
1778196424300,55.8
1778196425408,1.0
1778196426516,130.0
1778196427626,109.2
1778196428734,1.0
1778196429840,101.8
1778196430950,140.1
1778196432061,14.9
1778196433169,53.6
1778196434279,158.8
1778196435390,79.2
1778196436498,3.0
1778196437607,171.4
1778196438719,146.7
1778196439827,1.0
1778196440934,126.6
1778196442044,184.7
1778196443159,21.8
1778196444270,59.0
1778196445383,187.5
1778196446497,91.1
1778196447606,0.0
1778196448715,198.0
1778196449830,167.2
1778196450943,1.0
1778196452049,133.7
1778196453160,200.0
1778196454273,25.9
1778196455381,0.0
1778196456488,0.0
1778196457594,0.0
1778196458701,2.0
run 3
1778196520348,2.0
1778196521455,1.0
1778196522561,1.0
1778196523668,0.0
1778196524775,24.0
1778196525882,31.9
1778196526989,0.0
1778196528096,13.1
1778196529203,36.6
1778196530310,17.2
1778196531417,0.0
1778196532524,67.2
1778196533632,54.5
1778196534739,1.0
1778196535846,66.6
1778196536954,97.0
1778196538063,10.9
1778196539171,37.3
1778196540279,111.8
1778196541388,59.6
1778196542496,3.0
1778196543603,126.4
1778196544713,111.6
1778196545821,0.0
1778196546927,95.8
1778196548037,140.9
1778196549147,22.5
1778196550255,46.1
1778196551365,156.6
1778196552477,85.7
1778196553585,1.0
1778196554691,172.2
1778196555802,154.4
1778196556910,1.0
1778196558017,117.3
1778196559127,184.8
1778196560241,31.0
1778196561349,49.8
1778196562461,198.0
1778196563573,104.5
1778196564681,3.0
1778196565788,195.0
1778196566900,182.0
1778196568009,0.0
1778196569115,121.0
1778196570226,200.0
1778196571340,35.8
1778196572448,3.0
1778196573554,2.0
1778196574661,2.0
1778196575767,1.0
1778196576874,0.0
3 core
run 1
1778196720482,2.0
1778196721588,1.0
1778196722695,2.0
1778196723802,1.0
1778196724908,29.3
1778196726015,35.8
1778196727123,1.0
1778196728230,24.1
1778196729337,42.2
1778196730444,17.1
1778196731551,8.1
1778196732660,69.8
1778196733768,51.6
1778196734875,2.0
1778196735982,95.2
1778196737091,104.4
1778196738199,0.0
1778196739305,67.1
1778196740414,132.4
1778196741524,49.3
1778196742631,11.0
1778196743740,145.1
1778196744850,107.0
1778196745958,0.0
1778196747064,147.2
1778196748174,176.6
1778196749284,1.0
1778196750391,90.6
1778196751501,192.7
1778196752612,80.0
1778196753721,10.0
1778196754832,212.7
1778196755942,158.2
1778196757050,0.0
1778196758157,185.0
1778196759268,234.0
1778196760381,2.0
1778196761490,111.4
1778196762600,253.2
1778196763713,101.9
1778196764823,10.1
1778196765935,273.2
1778196767052,203.1
1778196768162,2.0
1778196769269,218.9
1778196770381,282.1
1778196771496,0.0
1778196772604,2.0
1778196773711,1.0
1778196774817,3.0
1778196775924,1.0
1778196777031,1.0
1778196778137,1.0
1778196779243,1.0
run 2
1778196832088,2.0
1778196833195,2.0
1778196834301,3.0
1778196835408,2.0
1778196836514,20.5
1778196837621,39.0
1778196838728,10.9
1778196839835,6.0
1778196840943,51.6
1778196842050,32.1
1778196843157,1.0
1778196844264,63.4
1778196845372,73.1
1778196846479,2.0
1778196847586,51.8
1778196848695,102.0
1778196849804,36.3
1778196850912,15.9
1778196852019,125.3
1778196853128,86.6
1778196854236,1.0
1778196855343,127.5
1778196856451,152.3
1778196857560,0.0
1778196858666,85.6
1778196859776,173.5
1778196860887,66.0
1778196861995,17.9
1778196863107,194.9
1778196864218,143.4
1778196865327,3.0
1778196866433,181.4
1778196867543,215.0
1778196868653,0.0
1778196869760,108.2
1778196870871,233.3
1778196871983,91.7
1778196873092,16.0
1778196874203,253.3
1778196875317,187.2
1778196876428,0.0
1778196877534,212.1
1778196878646,265.0
1778196879758,6.9
1778196880865,120.4
1778196881976,284.8
1778196883090,110.2
1778196884198,1.0
1778196885305,0.0
1778196886412,1.0
1778196887518,1.0
1778196888625,2.0
1778196889731,2.0
1778196890838,0.0
1778196891945,1.0
1778196893051,1.0
1778196894158,1.0
run 3
1778196985791,1.0
1778196986898,0.0
1778196988004,1.0
1778196989111,0.0
1778196990218,35.7
1778196991325,32.8
1778196992432,3.0
1778196993538,28.2
1778196994645,43.6
1778196995753,11.1
1778196996860,15.1
1778196997968,73.9
1778196999077,33.2
1778197000184,2.0
1778197001291,84.5
1778197002398,88.3
1778197003507,0.0
1778197004613,70.2
1778197005721,121.4
1778197006831,36.2
1778197007938,27.5
1778197009048,148.2
1778197010158,95.1
1778197011265,2.0
1778197012372,154.0
1778197013481,166.5
1778197014590,0.0
1778197015696,110.8
1778197016806,195.4
1778197017919,56.3
1778197019027,32.3
1778197020137,217.1
1778197021248,142.5
1778197022357,1.0
1778197023463,211.9
1778197024572,233.3
1778197025683,1.0
1778197026790,129.1
1778197027901,248.5
1778197029020,73.5
1778197030131,37.6
1778197031242,262.7
1778197032356,179.4
1778197033464,0.0
1778197034571,241.9
1778197035686,278.2
1778197036799,1.0
1778197037906,2.0
1778197039013,1.0
1778197040119,2.0
1778197041225,0.0
1778197042332,0.0
1778197043438,1.0
1778197044545,2.0
1778197045653,2.0