#type       avg     std     min      p5     p10     p50     p67     p75     p80     p85     p90     p95     p99    p999   p9999      QPS   target       ts_start         ts_end
read      263.5   161.0    93.8   154.0   166.9   238.2   275.4   297.4   314.8   336.2   366.3   421.5   628.5  2627.6  4856.2  29925.5    30000  1778244173733  1778244183880
read      270.9   163.8   101.3   156.4   169.0   241.7   280.7   304.4   321.8   344.7   378.6   448.2   760.0  2234.3  5024.9  29934.2    30005  1778244185393  1778244195517
read      260.2   170.7   101.3   154.4   166.8   234.7   270.7   292.4   309.0   329.3   358.2   409.1   599.9  2756.2  5761.9  29991.6    30010  1778244197031  1778244207134
read      261.7   143.9    93.8   154.6   167.9   239.6   276.1   297.6   314.3   334.7   363.1   413.8   581.2  2311.8  4593.1  29990.6    30015  1778244208647  1778244218747
read      252.6   150.3   101.3   153.3   165.4   230.8   265.6   286.3   301.7   320.2   346.5   394.4   547.5  2305.4  5930.5  29938.9    30020  1778244220259  1778244230358
read      251.3   134.7    93.8   152.6   164.8   230.8   266.0   287.2   303.1   321.8   348.1   395.3   533.4  1951.8  4909.0  30055.0    30025  1778244231872  1778244241972
read      256.0   138.5   101.3   153.1   165.6   234.1   270.3   291.7   307.9   327.4   355.0   403.4   569.4  2214.9  4212.6  30072.6    30030  1778244243485  1778244253586
read      255.3   133.8   101.3   153.7   166.0   233.4   269.4   290.8   307.3   327.4   355.9   404.5   567.2  1859.9  4230.3  30128.0    30035  1778244255100  1778244265203
read      259.2   144.2    93.8   152.6   165.4   236.5   273.3   295.1   311.7   332.1   361.3   414.6   590.7  2164.9  4954.4  29975.7    30040  1778244266717  1778244276820
read      258.5   140.5    93.8   152.9   166.0   237.4   273.7   295.1   311.8   332.2   360.9   410.8   563.3  1939.1  5012.0  30003.7    30045  1778244278338  1778244288440
read      249.7   139.3   101.3   151.2   162.8   228.4   263.1   283.9   299.0   318.2   344.5   392.8   545.2  2245.8  4393.9  30062.8    30050  1778244289953  1778244300055
read      255.7   144.5    93.8   152.2   164.7   233.3   270.0   292.3   309.5   330.4   360.0   412.3   562.1  1867.8  6298.5  30057.8    30055  1778244301569  1778244311671
read      253.3   108.8    93.8   151.2   164.4   235.3   272.4   294.6   311.7   332.5   361.2   407.6   506.8   813.4  3888.0  30087.3    30060  1778244313185  1778244323286
read      256.7   113.0    93.8   151.9   165.5   238.6   276.1   298.6   316.2   338.1   367.6   416.2   516.5   784.7  4093.8  30113.1    30065  1778244324802  1778244334904
read      263.0   105.9    93.8   156.0   170.1   244.9   283.5   306.4   323.1   344.7   374.4   425.3   535.2   836.0  3297.0  29994.4    30070  1778244336418  1778244346518
read      257.4   103.5    93.8   150.1   163.7   238.2   277.9   301.7   319.2   342.3   372.8   424.4   531.3   811.9  2907.5  30076.0    30075  1778244348031  1778244358132
read      267.5   117.4    93.8   154.5   168.8   247.3   288.7   313.3   332.6   356.8   390.3   442.8   554.2   962.1  4086.1  30107.2    30080  1778244359645  1778244369745
read      250.2   111.1    93.8   153.0   165.5   232.5   268.1   289.3   305.2   323.8   349.1   393.6   504.4  1083.0  3881.2  30099.4    30085  1778244371260  1778244381361
read      247.8    96.8    93.8   152.1   164.6   232.0   266.5   287.0   302.0   320.0   344.9   388.5   497.5   811.5  2899.7  29938.6    30090  1778244382875  1778244392978
read      244.1   110.9    93.8   151.0   163.1   227.7   261.1   281.2   295.9   314.4   338.7   378.2   486.0  1037.1  4232.1  30086.2    30095  1778244394494  1778244404595
read      251.1   102.3    86.8   155.6   168.2   233.9   268.6   289.3   304.9   323.3   348.7   392.1   504.8   998.7  3846.9  30235.3    30100  1778244406109  1778244416210
read      249.1   108.6    93.8   153.3   165.6   232.1   266.6   286.8   301.7   319.7   344.2   387.0   503.9  1382.6  3848.4  30139.2    30105  1778244417725  1778244427824
read      247.4   101.1   101.3   154.8   167.0   230.9   264.7   284.9   299.7   318.2   343.0   384.1   489.3   848.7  3979.4  30140.9    30110  1778244429339  1778244439442
read      249.1    96.9   101.3   155.5   167.5   232.3   266.6   287.5   302.9   321.0   346.2   390.3   497.5   793.3  3232.7  29975.8    30115  1778244440957  1778244451060
read      252.3   115.8    93.8   151.0   164.7   234.5   270.8   292.5   309.3   329.6   358.0   404.6   508.2   780.8  3258.0  30100.9    30120  1778244452573  1778244462675
read      273.8   120.4    93.8   161.9   176.8   254.2   294.3   318.1   336.7   359.5   390.1   438.5   553.8  1174.3  4542.7  30106.9    30125  1778244464190  1778244474291
read      258.6   114.1    93.8   151.9   166.8   240.3   277.8   300.4   317.5   339.1   368.4   417.7   523.6   912.5  4068.3  30076.0    30130  1778244475805  1778244485906
read      278.1   175.5    93.8   162.5   177.0   254.1   294.4   317.8   336.2   358.7   389.4   439.0   574.1  2520.0  5325.5  30084.5    30135  1778244487420  1778244497520
