./mcperf -s 10.0.16.5 -a 10.0.16.4 --noload -T 8 -C 8 -D 4 -Q 1000 -c 8 -t 1080 --qps_interval 8 --qps_m
in 5000 --qps_max 110000 --qps_seed 2345
Random waveform, supplied seed
Total number of intervals = 135 (6927, 52892, 98921, 61129, 40613, 53226, 38560, 103465, 104758, 94759, 37799, 8296, 69443, 12517, 43591, 20430, 93758, 10485, 16518, 83230, 5484, 55611, 20774, 96726, 32442, 73039, 74055, 51197, 59442, 35654, 78747, 42212, 52488, 36950, 16762, 79473, 61431, 87172, 108181, 80515, 37149, 13444, 72057, 70041, 90162, 52082, 24258, 72013, 58012, 45398, 50177, 34504, 66010, 73937, 55020, 53235, 97743, 5419, 14764, 7451, 48208, 16149, 78989, 18886, 75954, 44409, 16431, 85707, 58253, 103867, 21604, 90401, 84467, 99700, 32052, 18173, 67789, 51929, 83850, 18614, 29315, 108090, 27024, 49907, 9150, 34328, 51881, 14569, 81517, 78694, 93409, 39093, 18729, 70818, 21942, 91810, 39588, 40957, 62645, 15539, 107672, 32954, 58866, 23739, 54701, 60706, 72350, 58661, 34912, 103268, 38703, 83358, 57408, 86837, 33517, 66204, 73758, 99742, 109462, 94453, 44096, 100467, 8576, 59359, 7614, 60329, 43762, 67038, 26095, 71173, 109276, 13150, 61250, 84472, 82226)
Average QPS expected = 55386
Timestamp start: 1778534829704
Timestamp end: 1778535910008

relevant times are the first ( 829s / 8s per time = ) 105 times,
we got 5/105 violations, that is a 4.7%

#type       avg     std     min      p5     p10     p50     p67     p75     p80     p85     p90     p95     p99    p999   p9999      QPS   target
read      261.4   289.3    93.8   158.3   172.9   231.8   254.3   268.2   277.9   291.1   309.8   344.6  1027.6  4999.0  8458.1   6963.9     6927
read      322.5   275.4    86.8   140.6   154.9   283.5   348.7   387.2   415.3   449.7   495.6   575.3   932.9  4290.4  7883.7  52883.8    52892
read      362.6   474.1    86.8   147.7   163.4   273.8   331.7   364.3   388.4   418.3   463.5   614.3  2906.6  5440.7  8115.8  98793.2    98921
read      299.1   206.3    93.8   139.8   153.1   268.7   330.6   365.5   391.4   422.5   462.8   530.2   805.4  2342.1  7033.4  61258.9    61129
read      366.2   373.4    93.8   143.6   159.8   310.3   387.7   429.0   457.8   491.5   536.2   620.8  1769.4  5934.1  8536.0  40583.1    40613
read      353.4   352.9    86.8   142.9   158.8   294.1   369.5   413.8   447.0   486.7   540.3   635.7  1571.9  5048.4  8458.1  53341.9    53226
read      350.7   287.7    93.8   144.3   160.8   311.6   387.1   425.7   452.6   483.2   523.2   590.9  1231.6  3986.3  7979.2  38597.4    38560
read      368.7   461.2    86.8   152.0   169.3   284.5   342.2   374.8   399.7   430.8   477.7   619.1  2852.3  5518.4  8081.1 103395.6   103465
read      304.3   202.3    86.8   153.9   171.3   274.9   328.1   358.3   380.0   404.8   438.4   496.4   818.4  2805.4  7274.3 104868.9   104758
read      296.5   202.5    86.8   148.8   164.4   266.1   320.4   351.4   373.2   399.1   431.9   488.9   843.2  2839.3  7415.8  94856.0    94759
read      358.9   643.5    93.8   148.0   165.8   308.6   379.2   418.3   445.9   478.1   520.8   598.3  1380.2  6160.4  9478.1  37870.5    37799
read      248.1   218.1   101.3   152.0   166.0   229.0   252.9   267.0   276.4   289.5   306.3   335.9   690.2  2930.1  8095.6   8312.9     8296
read      375.0   512.0    93.8   141.7   156.9   273.1   337.9   378.5   411.3   453.0   512.4   703.2  2833.0  5703.7 10637.6  69448.9    69443
read      269.4   180.3   101.3   153.9   171.1   252.4   285.0   302.7   315.3   330.9   350.7   385.5   659.6  2405.8  7710.1  12453.9    12517
read      381.1   416.2    93.8   147.2   166.0   316.2   398.7   442.3   471.6   506.4   554.0   646.0  1871.7  6265.7  9218.0  43620.8    43591
read      307.0   239.9    93.8   154.5   173.2   282.4   331.4   357.1   374.4   394.9   420.7   461.5   825.3  3501.5  7884.6  20499.2    20430
read      358.0   456.8    86.8   148.3   164.4   275.6   333.9   365.8   389.3   417.9   459.5   579.9  2883.0  5663.8  8033.3  93684.8    93758
read      258.8   168.6   101.3   154.6   170.6   242.9   271.1   287.2   298.0   313.4   332.9   365.0   613.9  2756.3  7225.8  10421.0    10485
read      296.1   258.8   101.3   153.3   170.9   269.7   310.5   332.5   347.4   366.7   390.7   429.7   913.0  3983.2  7956.1  16495.1    16518
read      439.4   727.3    86.8   149.0   165.5   286.1   346.1   384.7   416.8   464.1   553.6  1041.7  4117.9  7612.2 10197.6  83190.2    83230
read      239.3   223.9   101.3   154.3   166.9   220.8   240.8   252.4   261.9   272.5   288.7   315.7   670.5  3195.4  7980.8   5518.9     5484
read      311.4   251.2    93.8   142.8   157.8   277.4   338.0   372.6   398.6   429.7   469.8   541.5   832.0  4104.7  7670.6  55382.4    55611
read      305.9   203.4    93.8   153.1   171.7   283.3   332.0   358.1   376.0   397.0   424.2   467.7   859.6  2897.5  7294.0  20754.1    20774
read      336.9   402.4    86.8   145.8   161.6   266.1   322.5   354.4   377.0   403.8   442.9   540.0  2495.6  4888.8  8015.7  96515.6    96726
read      330.9   267.6    93.8   146.4   163.1   299.1   362.8   397.4   421.8   449.2   482.9   539.3   939.3  4259.5  7739.6  32336.6    32442
read      359.6   428.3    86.8   144.9   160.8   277.5   343.7   386.4   420.0   462.6   520.9   641.6  2562.9  5582.8  8106.4  72968.1    73039
read      318.1   308.0    93.8   140.8   155.2   267.7   333.6   373.3   404.4   443.8   493.3   576.1  1095.2  4612.9  8732.5  73774.6    74055
read      356.4   392.0    93.8   144.8   161.2   291.9   360.0   400.2   430.8   468.0   521.9   632.9  1910.2  5369.1  9282.9  51115.8    51197
read      346.5   349.9    86.8   142.4   158.4   288.0   358.3   400.7   433.7   473.7   531.8   638.9  1485.5  5160.7  8615.4  59401.2    59442
read      441.2   732.7    93.8   148.0   166.5   312.9   387.3   428.5   458.8   496.8   557.9   910.1  3697.2  9288.8 13578.5  35623.9    35654
read      417.6   608.0    86.8   146.2   163.0   288.3   357.7   404.0   444.5   496.9   577.1   859.7  3299.5  7554.2 10421.1  78638.8    78747
read      380.1   428.8    86.8   146.2   164.4   311.0   389.2   431.8   462.2   498.2   547.7   660.4  1959.3  6941.0  9262.4  42269.8    42212
read      349.4   358.0    86.8   142.5   158.4   291.3   362.0   403.3   434.6   472.4   525.7   622.5  1693.5  4852.3  8477.7  52503.1    52488
read      352.2   357.9    93.8   145.4   162.7   302.2   370.3   407.8   433.9   464.8   505.8   585.6  1541.6  5394.6  8109.9  36925.0    36950
read      291.8   202.5   101.3   155.4   173.9   273.5   313.8   335.7   350.8   368.9   392.5   428.9   664.4  3161.0  7477.8  16773.4    16762
read      394.8   543.6    86.8   145.4   161.5   282.8   353.0   400.7   442.8   498.7   580.6   785.0  3000.4  7000.0 10664.3  79326.8    79473
read      294.4   187.1    93.8   138.5   152.1   266.6   328.1   362.9   388.5   418.7   457.4   516.9   724.4  2083.8  7061.0  61418.9    61431
read      297.0   252.2    86.8   142.8   157.8   258.5   315.7   346.9   369.5   395.7   430.0   496.2  1023.8  3481.9  7839.3  87350.8    87172
read      301.0   235.8    86.8   150.0   166.0   267.4   320.4   350.7   372.3   398.2   431.6   488.5   868.2  3361.9  7529.7 108207.8   108181
read      330.5   326.9    86.8   143.9   158.4   268.5   335.8   378.4   414.0   461.0   525.4   640.1  1263.0  5180.7  8055.0  80561.6    80515
read      351.8   321.6    86.8   145.5   163.1   308.2   380.7   418.9   445.5   476.0   516.2   588.8  1334.5  4798.6  8839.9  37251.4    37149
read      276.4   195.1    93.8   155.6   173.5   258.2   292.2   311.5   325.0   341.3   362.7   396.1   668.4  2881.8  7779.7  13438.9    13444
read      378.7   514.2    86.8   142.6   158.0   277.9   344.4   386.4   419.6   462.0   524.0   700.9  2828.7  6980.0 10171.7  72046.8    72057
read      368.6   534.5    86.8   144.5   160.3   280.2   346.8   389.4   423.0   465.7   529.1   690.4  2586.9  6123.8 10488.6  69944.5    70041
read      311.9   291.5    86.8   144.9   160.6   264.4   322.3   355.0   378.1   405.0   444.0   528.1  1412.6  3963.1  7850.3  90220.2    90162
read      376.9   538.6    86.8   143.6   159.7   292.9   363.0   404.6   436.8   476.4   532.0   643.0  2419.4  8093.7 11311.4  52081.5    52082
read      314.6   224.5    93.8   151.8   169.2   290.2   342.2   369.6   389.2   411.4   439.3   488.9   914.4  3169.8  7651.2  24221.1    24258
read      350.7   386.3    86.8   142.2   156.6   273.0   339.6   380.4   412.2   452.7   508.2   643.7  2291.3  4507.7  7942.1  72098.8    72013
read      301.1   251.3    86.8   139.4   153.4   270.7   331.5   364.9   389.1   417.4   453.6   508.9   769.0  3613.2  8467.7  57995.0    58012
read      374.1   388.7    86.8   145.2   162.7   310.7   392.8   435.9   465.8   500.6   546.0   638.4  1851.6  5923.0  8681.7  45423.1    45398
read      394.9   459.4    86.8   144.9   163.5   316.2   404.7   452.2   484.5   522.3   574.9   693.6  2217.5  7168.7  8982.5  50081.6    50177
read      335.5   248.1    93.8   146.0   163.4   304.3   370.1   404.1   428.2   455.7   490.6   547.7  1089.9  3382.1  7280.6  34474.0    34504
read      335.6   362.6    86.8   141.4   155.8   275.8   341.4   380.3   409.5   446.2   497.0   601.3  1618.3  5109.0  8095.8  65891.6    66010
read      312.3   283.6    86.8   140.2   154.2   266.7   331.7   370.2   399.4   435.3   481.8   556.1  1051.4  3890.8  8485.1  73867.8    73937
read      297.1   244.7    93.8   139.2   153.1   270.3   328.5   360.3   383.2   409.5   443.6   497.9   721.2  3034.5  9241.3  55050.8    55020
read      340.3   333.6    86.8   141.1   156.9   290.7   364.3   406.9   437.9   475.2   524.5   604.6  1172.7  5560.8  9286.2  53278.0    53235
read      298.7   253.8    86.8   144.7   160.2   258.6   313.3   343.8   366.2   392.3   426.5   491.0  1159.9  3474.6  7575.4  97790.8    97743
read      240.6   234.2   101.3   153.5   166.2   221.7   241.3   252.6   261.7   271.8   287.0   312.7   637.3  3380.9  8941.5   5443.8     5419
read      314.7   423.4    93.8   157.3   175.8   268.7   306.3   327.4   342.6   361.5   386.2   432.5  1445.0  7745.8 10674.0  14801.1    14764
read      247.0   200.4   101.3   154.5   168.5   229.1   251.8   265.2   274.1   287.1   303.2   332.7   645.2  2957.0  7810.8   7487.6     7451
read      413.1   505.6    86.8   145.0   163.9   320.0   410.9   459.8   493.9   535.3   593.7   775.6  2559.1  7467.4 10067.2  48176.8    48208
read      287.2   199.7   101.3   154.1   172.3   268.4   307.3   328.4   343.2   361.4   383.9   421.2   732.1  2811.7  7665.9  16062.9    16149
read      406.7   563.4    86.8   145.2   161.3   284.6   353.0   398.5   436.9   488.5   566.3   818.5  3182.1  6726.3  8686.5  78764.2    78989
read      332.5   309.4   101.3   161.8   181.8   295.9   346.9   376.1   397.8   423.7   457.5   517.7  1157.3  4033.8 10017.8  18783.1    18886
read      392.1   506.6    93.8   146.9   162.9   285.0   355.7   401.4   440.5   492.3   568.1   755.4  2959.2  5856.6  8910.0  76170.5    75954
read      365.3   294.4    93.8   148.6   167.1   322.1   406.9   452.2   483.2   518.9   565.5   638.9  1046.4  4400.5  7977.6  44332.2    44409
read      298.7   173.7   101.3   158.3   177.4   282.5   325.7   349.2   366.0   385.2   408.2   447.3   604.2  2582.6  7443.6  16452.9    16431
read      368.4   488.4    86.8   144.9   161.0   274.5   336.7   371.4   397.2   430.1   482.1   651.4  2866.9  5799.9  9555.9  85684.6    85707
read      302.5   265.9    86.8   140.9   154.2   270.3   331.1   365.6   391.3   422.5   463.2   527.8   747.2  3429.2  9627.1  58403.5    58253
read      320.2   337.9    86.8   150.0   166.2   272.1   327.6   359.1   381.7   408.3   444.9   511.3  1481.9  5396.8  7999.0 103864.5   103867
read      309.7   199.6    93.8   152.7   170.6   289.0   340.0   368.0   387.8   410.1   438.3   486.1   718.9  2526.9  7473.0  21582.5    21604
read      359.8   477.5    86.8   145.0   160.5   270.2   330.8   363.9   387.9   417.2   460.5   598.6  2831.2  6044.2  8094.5  90344.2    90401
read      325.1   326.8    93.8   143.5   158.0   262.9   325.5   363.8   394.1   434.9   504.9   643.2  1397.1  5226.8  7855.6  84606.6    84467
read      306.8   255.0    93.8   150.0   165.8   270.1   326.2   357.6   379.9   405.7   441.2   505.8   927.7  3542.6  7905.0  99690.0    99700
read      339.7   260.9    93.8   150.3   168.7   308.3   373.8   409.1   433.9   463.0   499.6   558.7   900.8  4044.7  7773.6  32018.8    32052
read      298.2   142.1   101.3   157.4   176.6   283.9   329.4   354.5   371.8   392.4   417.9   457.9   574.4  1898.0  4561.6  18249.1    18173
read      377.2   457.6    86.8   144.7   160.1   280.7   349.5   394.4   431.0   478.3   547.5   735.8  2696.9  5333.9  8053.3  67762.8    67789
read      301.9   194.1    93.8   142.9   156.8   277.0   336.9   370.2   394.7   424.0   461.9   522.0   701.1  2721.4  5925.6  51960.1    51929
read      300.6   271.0    86.8   143.3   157.6   257.0   314.8   346.0   368.7   395.0   429.8   502.0  1194.3  3755.7  7943.1  83923.8    83850
read      302.2   145.1   101.3   158.1   177.3   286.9   333.2   358.6   375.8   396.9   424.1   465.8   622.5  1836.6  4759.9  18644.0    18614
read      330.2   198.3    93.8   150.2   167.9   307.9   372.1   404.7   428.0   454.6   487.8   540.2   763.7  2707.9  7048.9  29365.2    29315
read      403.8   495.7    93.8   162.1   181.7   309.3   372.3   410.3   440.8   483.1   549.7   714.9  3076.1  6212.8  8381.3 107995.5   108090
read      320.2   183.0    93.8   152.5   170.0   298.6   356.2   387.5   409.1   434.5   466.3   516.8   719.1  2757.6  5160.3  27119.4    27024
read      340.7   258.6    93.8   147.8   164.3   298.5   370.3   413.4   445.1   483.5   535.1   621.7   955.5  3581.5  7767.6  49944.5    49907
read      258.6   144.2   101.3   162.4   178.4   246.3   272.2   287.6   298.0   313.3   332.8   364.0   458.3  2007.7  7208.7   9183.6     9150
read      341.4   224.7    93.8   149.8   168.4   314.3   384.7   421.0   446.2   474.5   510.5   571.3   853.8  2960.9  7330.6  34275.0    34328
read      311.2   214.5    93.8   143.8   158.4   281.1   343.0   378.3   403.8   435.3   477.4   546.0   804.2  2792.0  7555.4  51864.1    51881
read      290.4   183.3    93.8   159.5   178.2   272.9   311.2   333.0   348.1   367.2   391.6   429.7   628.2  2701.9  6200.0  14546.4    14569
read      403.2   528.8    93.8   149.5   165.7   285.3   352.1   395.6   432.8   491.3   597.2   906.2  3060.5  6363.5  8138.9  81385.0    81517
read      348.5   317.1    86.8   148.0   163.3   278.2   350.0   399.1   442.5   500.3   578.7   721.6  1381.8  4294.3  7889.6  78673.0    78694
read      309.8   261.0    86.8   147.0   162.4   265.3   322.2   354.6   377.7   404.5   442.3   517.0  1380.9  3368.2  7341.6  93418.1    93409
read      343.3   208.6    93.8   148.5   166.7   316.0   390.7   430.3   458.1   489.9   529.6   588.5   772.4  2869.2  6056.0  39040.8    39093
read      308.4   178.1    93.8   157.5   177.7   290.1   338.2   364.1   382.2   402.6   430.3   471.7   670.4  2669.6  7258.6  18723.6    18729
read      394.2   503.8    86.8   146.0   161.6   284.6   355.7   402.2   441.5   492.9   567.1   759.8  2889.1  5495.0  8077.6  70794.1    70818
read      309.3   174.4   101.3   155.1   173.8   291.6   342.2   369.5   389.1   411.1   438.1   483.4   635.4  2344.0  7477.9  21903.9    21942
read      391.1   529.7    86.8   150.2   167.0   286.5   346.4   381.0   406.1   439.9   496.4   720.5  3104.9  6124.9  8395.3  91808.9    91810
read      350.1   253.3    93.8   148.9   166.9   314.6   389.4   429.6   458.2   491.1   532.9   598.5   976.5  3493.3  7781.4  39521.0    39588
read      354.0   235.2    86.8   148.0   166.5   320.1   399.0   440.5   468.8   501.3   543.2   614.0   969.9  3042.4  7295.4  41104.1    40957
read      326.9   271.0    93.8   144.1   158.6   276.4   343.7   384.3   415.2   453.5   504.8   600.3  1315.3  3443.6  7903.8  62632.9    62645
read      283.8   154.7   101.3   154.7   171.9   267.8   306.2   328.8   344.6   364.2   388.6   427.1   575.7  2086.2  5671.6  15504.2    15539
read      418.8   530.4    93.8   162.4   182.2   314.8   380.9   421.1   453.4   497.4   568.9   744.7  3174.1  6407.2  9268.4 107502.6   107672
read      338.8   231.7    93.8   150.2   168.4   308.3   375.3   411.3   436.4   466.1   503.2   564.9   916.5  3172.0  7364.4  33077.8    32954
read      330.4   248.6    93.8   142.7   157.7   281.1   349.4   391.7   424.5   465.2   522.1   633.4  1205.7  3023.6  6113.9  58971.0    58866
read      300.5   202.8    93.8   153.6   171.0   280.8   324.3   351.0   370.7   395.1   426.1   472.5   624.4  2713.9  7968.6  23677.2    23739
read      269.9   109.2    86.8   140.7   155.0   260.3   311.9   337.0   353.9   372.2   395.0   427.4   500.9   892.1  2820.2  54594.8    54701
read      266.8   111.1    86.8   139.0   152.8   253.9   307.9   334.6   352.5   372.1   395.9   429.6   506.7   805.9  2403.1  60710.9    60706
read      267.4   113.3    86.8   138.5   152.4   249.8   305.5   334.6   354.4   375.8   401.5   438.8   534.0  1004.6  2772.6  72336.6    72350
read      266.5   109.2    80.4   139.0   152.7   254.8   308.2   334.2   351.4   370.3   393.5   426.7   501.0   887.9  2513.1  58675.8    58661
read      269.3    98.0    93.8   148.3   163.3   269.2   306.4   324.6   337.7   352.4   370.6   398.5   462.0   784.5  2883.0  34940.1    34912
read      281.9   133.1    86.8   148.0   163.3   260.9   314.1   343.3   364.4   388.4   418.1   464.5   603.0  1519.4  3431.0 103297.0   103268
read      265.2   119.1    93.8   145.2   158.9   266.9   305.8   323.4   336.1   349.7   367.4   393.3   444.4   699.1  3298.0  38704.0    38703
read      266.6   126.9    86.8   140.4   153.9   245.4   301.8   331.7   351.9   373.8   400.3   438.8   544.3  1072.3  3797.5  83517.0    83358
read      268.1   111.1    93.8   140.5   153.9   257.3   311.8   337.1   353.9   371.9   394.5   426.7   499.3   872.4  2526.1  57347.6    57408
read      272.1   141.0    86.8   141.4   155.4   248.4   304.3   334.7   355.7   379.1   407.7   455.0   618.2  1339.4  3750.9  86848.1    86837
read      263.7    84.3    93.8   147.5   161.4   267.7   302.1   318.0   329.7   342.3   359.2   382.9   432.6   653.7  2201.9  33504.8    33517
read      265.3   115.5    86.8   138.4   151.5   249.4   306.4   334.2   352.7   372.8   397.4   432.2   510.7   878.2  2487.1  66337.9    66204
read      264.5   110.1    86.8   138.5   151.7   246.9   304.2   333.4   352.9   373.9   399.0   434.5   512.5   791.0  2462.4  73839.4    73758
read      281.2   145.8    86.8   147.0   162.4   259.1   312.5   342.1   363.3   387.2   416.7   462.5   603.2  1741.8  4354.5  99639.1    99742
read      283.9   134.5    86.8   150.1   165.9   263.3   314.9   343.7   364.7   388.7   418.9   465.5   601.9  1621.8  3651.2 109326.6   109462
read      272.6   147.2    86.8   143.3   157.8   250.5   305.1   334.9   355.6   378.7   406.0   449.3   568.7  1345.7  4611.8  94452.4    94453
read      266.5   101.9    86.8   142.8   156.3   265.4   309.4   329.7   343.0   359.0   376.8   403.5   464.7   774.0  2092.7  44030.9    44096
read      276.1   143.8    86.8   145.4   160.7   254.6   307.8   337.4   358.2   381.6   410.0   454.6   580.4  1436.4  3488.3 100372.6   100467
read      234.1    94.6   101.3   161.6   175.9   230.4   248.1   257.5   265.2   272.9   285.5   304.3   356.9   978.4  3990.8   8595.0     8576
read      266.8   110.8    93.8   139.9   153.3   255.8   310.0   335.6   352.6   371.1   393.8   426.1   498.4   787.1  2459.0  59370.9    59359
read      221.0    83.0   101.3   152.9   165.7   218.6   234.5   244.2   250.6   258.4   269.2   286.4   332.4   842.3  3165.7   7638.1     7614
read      263.6   115.1    86.8   138.8   151.7   252.1   306.9   332.3   348.9   367.5   389.9   421.7   487.9   744.8  2982.2  60237.8    60329
read      267.7   104.6    93.8   143.1   157.1   265.6   309.6   330.2   343.9   360.4   379.3   406.3   468.5   755.9  2772.0  43730.0    43762
read      263.8   114.7    86.8   138.2   151.4   248.1   304.5   332.3   350.7   370.8   394.8   428.6   502.2   808.6  3396.3  67064.4    67038
read      258.4    87.0    93.8   150.0   163.9   261.8   290.1   304.4   314.2   325.5   340.6   364.0   413.0   790.7  3302.9  26133.1    26095
read      264.6   108.5    86.8   138.4   151.6   247.3   304.8   333.4   352.5   373.2   398.2   433.4   515.6   878.9  1914.6  71139.5    71173
read      283.8   143.2    86.8   149.6   165.1   262.0   314.2   343.2   364.2   388.2   418.4   465.1   618.4  1680.5  3753.2 109484.2   109276
read      236.3    69.3    93.8   153.0   167.7   236.9   256.5   267.1   273.7   283.3   293.9   312.8   354.1   785.3  2111.9  13174.2    13150
read      269.4   116.1    86.8   140.0   153.9   255.9   310.2   337.0   355.2   374.6   398.6   432.8   515.4   934.6  3206.6  61383.2    61250
read      268.4   118.3    86.8   140.3   154.1   247.6   304.0   333.9   354.4   376.7   403.6   445.1   555.2  1088.3  2878.0  84317.0    84472
read      268.8   150.2    86.8   140.5   154.2   248.3   305.1   334.8   355.1   377.3   403.3   443.0   543.2  1082.1  3382.3  82338.6    82226
