Timestamp start: 1778603666686
Timestamp end: 1778604746988

#type       avg     std     min      p5     p10     p50     p67     p75     p80     p85     p90     p95     p99    p999   p9999      QPS   target
read      261.1   250.4   101.3   164.5   177.4   235.1   260.0   273.3   284.0   295.6   313.6   344.9   851.8  3879.3  7962.5   6917.0     6927
read      358.3   485.1    74.4   128.2   143.8   271.2   342.8   401.0   444.0   494.1   556.1   674.8  2155.7  7431.1 11024.0  52880.4    52892
read      257.4   189.2    74.4   122.1   135.7   227.0   275.2   302.0   321.1   346.4   390.1   470.7   754.0  2530.0  7395.3  98868.5    98921
read      274.9   224.1    74.4   123.3   136.9   242.4   297.3   328.8   353.9   389.6   434.8   500.2   727.1  2848.9  8662.5  61152.2    61129
read      379.8   487.5    74.4   132.7   151.0   300.1   389.2   441.6   476.1   512.4   557.6   647.4  2215.6  7764.9 11721.0  40579.5    40613
read      351.6   455.7    80.4   127.9   143.3   271.6   343.0   401.4   445.5   497.2   559.2   668.2  1768.2  6986.7 10774.6  53342.7    53226
read      348.9   357.1    80.4   133.4   151.0   290.4   365.5   417.7   451.8   488.7   531.6   601.3  1613.1  5042.0  8131.1  38655.2    38560
read      292.6   407.7    74.4   125.1   139.4   236.3   286.6   314.6   336.3   365.9   411.7   493.8  1442.1  6438.1  8888.2 103313.9   103465
read      258.1   203.1    74.4   122.7   136.5   227.4   275.3   302.1   321.1   345.9   386.4   457.9   711.6  2873.1  6644.5 104754.2   104758
read      249.9   178.0    74.4   121.1   134.3   223.4   271.2   296.9   315.8   338.9   372.3   439.0   657.1  2341.9  6862.9  94762.1    94759
read      359.2   387.7    80.4   135.7   153.7   297.0   376.5   427.7   460.1   495.0   536.6   610.0  1734.3  6136.1  8740.1  37849.7    37799
read      262.2   229.1    93.8   165.3   179.1   241.8   267.9   282.4   292.8   305.8   321.1   352.5   622.3  3316.3  8012.6   8232.7     8296
read      303.5   409.8    80.4   122.5   136.1   241.0   300.4   335.6   366.2   407.5   460.4   542.6  1497.1  6439.6 10171.8  69493.6    69443
read      273.9   195.2    86.8   157.3   173.7   256.1   288.6   306.3   318.4   334.6   356.0   397.8   641.0  2751.1  7907.8  12549.7    12517
read      406.6   574.7    80.4   134.9   152.8   308.4   409.0   463.1   497.8   535.6   584.8   691.6  2752.2  7987.8 13314.6  43626.4    43591
read      322.1   332.4    86.8   150.6   168.8   283.0   330.0   358.3   382.4   412.3   448.2   506.3  1330.7  4253.4 11043.6  20409.5    20430
read      296.9   458.3    68.9   123.8   138.2   233.7   284.0   312.2   333.7   362.4   408.7   502.0  1595.5  6741.3  9498.7  93784.6    93758
read      276.8   275.0    93.8   162.4   177.6   250.2   279.0   294.5   306.7   319.8   339.8   375.8   842.4  4397.6  8046.3  10464.9    10485
read      301.5   288.9    86.8   153.8   171.6   272.3   311.2   332.3   346.7   368.9   399.6   450.6   962.0  4622.2  7891.8  16493.8    16518
read      349.6   605.4    74.4   123.7   138.1   244.2   307.9   348.8   388.3   436.7   502.2   624.6  3251.0  7330.2  9927.6  83233.5    83230
read      242.8   208.0    93.8   162.9   174.2   224.0   245.1   257.2   266.7   276.7   292.3   317.2   609.2  2771.3  7903.8   5466.3     5484
read      381.4   593.7    80.4   128.9   144.4   273.4   347.4   408.4   454.7   508.7   580.4   729.3  2812.4  8114.7 12274.4  55537.9    55611
read      329.8   337.6    86.8   151.0   169.6   284.6   332.2   361.5   386.5   417.6   455.8   525.2  1550.6  4395.8 10408.1  20812.2    20774
read      291.3   433.9    74.4   123.7   138.0   233.1   283.1   310.8   331.5   358.6   401.3   489.2  1443.8  6606.8  9552.4  96641.8    96726
read      340.3   328.8    80.4   138.8   157.4   292.0   354.0   399.0   430.1   463.4   504.4   567.9  1493.9  4568.0  8182.2  32402.3    32442
read      339.5   571.4    80.4   125.4   139.8   250.1   312.2   351.1   388.5   435.0   495.2   589.9  2627.3  7841.9 13820.3  73158.7    73039
read      295.3   349.6    74.4   122.1   135.8   240.3   299.4   335.1   366.0   408.9   464.2   544.8  1086.0  5529.4  8712.4  74097.7    74055
read      380.1   555.8    80.4   130.3   147.0   281.8   358.7   418.5   461.8   509.7   567.1   680.7  2696.3  7836.4 12814.9  51201.7    51197
read      287.6   261.9    80.4   127.3   141.5   251.7   305.5   336.5   362.5   399.2   449.3   523.0   795.1  4046.8  8323.0  59482.1    59442
read      364.5   426.7    80.4   136.8   155.3   297.4   370.4   421.1   453.9   490.3   534.3   614.8  1935.3  6390.9 12251.8  35622.1    35654
read      361.7   632.6    74.4   126.4   141.0   249.6   310.7   349.9   388.7   441.0   511.8   654.9  3403.2  7860.4 11472.4  78730.1    78747
read      396.0   486.5    80.4   137.0   155.7   309.1   407.1   463.8   500.4   538.9   587.8   698.9  2380.3  7406.7 11317.5  42254.2    42212
read      385.9   560.0    74.4   134.4   151.1   280.8   357.2   419.8   468.8   528.1   606.0   768.6  2505.4  7872.0 14422.7  52461.3    52488
read      363.6   389.7    80.4   139.3   157.7   299.5   376.7   431.2   465.9   505.0   548.2   627.7  1729.3  5992.2  9625.9  36949.3    36950
read      304.4   205.8    86.8   157.2   175.7   282.0   323.7   346.5   366.7   392.9   426.5   476.0   759.3  2853.5  7800.8  16769.1    16762
read      345.9   575.9    74.4   124.8   138.9   245.0   308.6   350.7   392.3   444.9   513.7   637.4  2907.6  7605.1 12616.2  79340.0    79473
read      286.1   281.1    74.4   126.3   139.9   245.6   301.5   333.9   360.3   397.6   446.3   518.1   814.9  4446.0  8027.4  61303.3    61431
read      292.9   314.2    74.4   126.1   139.9   236.4   290.9   322.7   348.5   389.0   453.7   570.1  1262.3  4426.0  8110.5  87076.0    87172
read      276.2   266.2    74.4   127.6   141.7   238.0   287.2   314.8   336.1   364.5   408.1   486.3   771.9  3578.1  7972.2 108179.4   108181
read      299.5   275.8    80.4   125.8   139.5   239.2   301.6   343.0   385.0   441.4   513.9   626.7  1058.1  3592.6  7963.4  80436.1    80515
read      347.9   294.6    80.4   138.5   156.5   303.3   381.6   434.1   466.5   502.7   542.5   605.5  1014.9  4098.7  8098.8  37174.3    37149
read      284.2   150.8    93.8   160.6   178.0   269.9   305.2   324.2   338.7   356.8   383.4   432.1   590.1  2041.9  5057.0  13425.3    13444
read      336.5   543.5    74.4   127.6   141.5   250.0   313.7   354.3   392.2   439.3   499.3   592.9  2072.5  7007.2  9329.9  72023.8    72057
read      298.1   297.9    74.4   126.2   139.9   244.9   306.4   343.9   379.6   427.1   486.1   573.0   971.4  4483.1  7994.8  70036.6    70041
read      275.8   284.4    80.4   126.4   140.2   234.5   284.0   311.4   331.7   358.3   401.5   491.0   936.7  4530.3  7839.7  90267.3    90162
read      318.1   283.7    80.4   132.9   148.2   268.0   330.5   373.9   415.6   464.3   526.3   620.5   948.7  4278.0  8134.3  52064.3    52082
read      322.0   207.3    80.4   149.4   168.6   294.9   348.1   384.7   414.4   445.7   482.3   535.8   745.0  2952.4  7310.5  24298.8    24258
read      323.9   474.3    80.4   126.3   140.1   247.0   310.0   349.4   387.9   435.9   497.0   590.9  1708.9  6866.9  9760.4  71999.7    72013
read      281.1   188.0    80.4   127.9   141.3   248.3   304.8   337.6   365.3   404.2   455.9   528.6   729.1  2444.7  5752.1  58053.0    58012
read      373.1   403.5    80.4   135.5   153.3   309.0   409.0   465.6   502.0   539.6   585.1   664.5  1259.6  6540.0 10619.1  45381.4    45398
read      337.6   311.5    80.4   132.5   148.6   277.9   349.7   408.7   452.9   502.5   560.2   654.5  1068.5  4617.2  8018.1  50183.1    50177
read      339.4   292.0    80.4   139.7   158.0   297.2   365.7   416.3   450.3   487.0   529.0   587.6   909.1  3979.3  9587.8  34510.5    34504
read      316.6   436.4    74.4   127.8   141.7   249.3   308.6   343.8   374.9   420.7   476.4   564.7  1633.9  6520.0  9629.9  65910.2    66010
read      245.9   110.5    74.4   125.8   139.5   230.9   277.1   301.0   317.3   336.8   362.7   411.0   537.2   925.9  2970.9  73973.3    73937
read      248.7   106.2    80.4   130.7   145.1   240.2   282.2   302.8   316.8   333.7   355.1   393.2   499.9   789.7  2761.0  55060.4    55020
read      249.8   105.5    80.4   131.8   146.4   241.9   283.7   304.1   317.7   334.2   354.9   391.1   495.2   802.6  3168.5  53193.0    53235
read      247.0   125.5    74.4   123.3   137.2   227.5   273.6   298.5   316.4   338.1   369.0   431.7   579.2  1377.6  2986.2  97857.4    97743
read      230.9   100.7   101.3   163.6   175.7   223.8   241.7   251.9   259.9   269.6   282.5   304.6   374.5  1359.0  4693.1   5439.5     5419
read      246.2    78.4    86.8   162.3   177.9   242.7   265.2   276.7   286.2   295.8   310.9   334.1   399.4   764.8  2982.2  14761.8    14764
read      233.6    83.4    93.8   164.1   177.2   227.9   246.8   257.2   265.6   274.0   288.3   310.6   377.6   960.0  3473.0   7424.9     7451
read      250.6   108.5    80.4   133.3   148.5   244.4   283.7   302.8   315.9   331.7   351.1   386.8   491.5   818.2  2527.4  48152.6    48208
read      246.9    79.1    86.8   160.7   176.5   243.9   266.6   278.2   287.6   296.9   312.0   334.7   401.3   840.7  2705.9  16148.8    16149
read      244.3   111.8    74.4   123.6   137.2   228.3   274.7   298.9   315.8   335.8   362.7   413.8   544.9   956.0  2627.4  78869.4    78989
read      252.1    82.0    86.8   158.1   175.3   249.8   273.9   287.7   296.5   308.8   321.7   345.8   417.3   674.8  2749.7  18805.3    18886
read      244.8   121.9    74.4   123.7   137.4   229.3   275.5   299.2   315.7   335.3   361.6   411.7   543.7  1013.2  3132.1  75961.0    75954
read      253.9    94.4    80.4   137.0   152.2   249.5   287.2   305.8   318.2   333.8   352.8   386.8   486.7   815.0  2343.1  44427.3    44409
read      249.8    88.6    93.8   162.0   178.2   246.6   269.6   282.2   291.2   301.8   316.0   339.1   403.0   763.2  3973.1  16367.3    16431
read      243.2   113.1    74.4   122.5   135.9   225.8   272.4   296.7   314.2   334.7   362.7   416.9   552.4  1095.7  2721.3  85700.6    85707
read      250.1   117.5    74.4   129.2   143.4   239.0   282.4   304.0   318.5   336.5   360.0   401.2   528.4  1021.5  3740.9  58305.1    58253
read      251.2   128.4    74.4   125.3   139.3   230.7   277.4   302.8   320.4   342.9   375.7   443.3   590.9  1359.3  3329.0 103765.1   103867
read      254.0    73.8    86.8   157.4   174.7   251.6   277.0   290.9   300.5   312.7   327.7   352.6   434.1   712.5  2014.1  21734.4    21604
read      244.5   119.7    74.4   122.9   136.5   226.6   272.6   297.0   314.5   335.3   363.9   421.8   567.2  1168.7  2859.3  90317.8    90401
