Timestamp start: 1778531971715
Timestamp end: 1778533052065

#type       avg     std     min      p5     p10     p50     p67     p75     p80     p85     p90     p95     p99    p999   p9999      QPS   target
read      257.7   304.5   109.4   154.6   168.5   225.6   247.6   260.8   270.5   283.4   301.6   341.0  1172.3  3977.7 14099.1   6924.6     6927
read      345.8   422.9    93.8   143.6   157.9   288.3   349.5   385.2   411.6   444.3   490.2   584.2  1760.1  6401.4  9486.4  52671.2    52892
read      326.2   344.2    86.8   148.8   164.8   272.0   327.9   359.2   381.5   407.9   445.1   523.0  1752.8  4658.3  8084.8  98963.8    98921
read      304.2   215.9    86.8   139.8   153.6   273.5   335.9   371.1   397.5   429.4   470.6   541.1   791.0  2862.6  7857.9  61327.0    61129
read      390.1   451.5    93.8   146.0   164.0   317.3   395.3   439.1   470.2   507.8   561.3   680.2  2130.5  6451.2 11030.7  40594.8    40613
read      314.6   305.7    93.8   140.5   153.9   278.1   337.4   370.5   395.2   425.1   464.8   538.0   955.9  4632.7  9321.5  53254.0    53226
read      414.2   560.7    86.8   146.5   164.3   321.4   399.0   441.7   471.2   507.0   561.5   700.6  2946.4  7769.9 10614.8  38530.2    38560
read      416.6   566.4    93.8   158.1   177.3   304.5   364.5   399.0   426.2   462.1   522.5   754.8  3428.1  5809.7  9137.4 103368.8   103465
read      285.6   189.3    93.8   145.3   161.0   258.5   310.8   339.9   360.9   385.2   415.9   464.2   710.2  2810.1  6728.9 104456.2   104758
read      293.4   204.7    93.8   144.6   160.3   264.2   319.3   349.3   370.7   395.6   427.6   482.2   810.6  2963.6  7153.7  94667.8    94759
read      347.4   287.4    93.8   144.9   162.0   310.2   379.9   419.3   447.4   479.6   522.0   591.2  1122.1  3824.5  9129.9  37716.6    37799
read      245.9   169.7   101.3   150.7   165.4   228.8   253.0   267.5   277.4   290.9   308.1   336.5   735.6  2552.8  7510.0   8282.2     8296
read      435.1   635.8    86.8   142.0   157.4   288.2   356.2   398.1   432.6   480.3   559.4  1393.3  3630.1  6578.2  8081.7  69101.8    69443
read      278.0   289.6   101.3   156.4   174.2   252.8   285.2   304.4   318.3   335.9   358.0   393.0   675.5  4318.6  9478.0  12441.8    12517
read      395.0   400.3    93.8   145.0   164.2   327.4   413.5   459.3   491.5   530.3   582.7   693.0  2140.9  5046.1  8056.0  43582.4    43591
read      319.4   286.9    93.8   149.8   166.9   287.9   336.0   362.2   380.7   402.0   430.5   479.9  1190.2  4469.1  7873.0  20539.4    20430
read      388.3   520.3    86.8   148.0   164.6   283.9   343.8   376.4   400.6   431.7   481.0   781.0  3154.0  5723.3  8041.3  93652.6    93758
read      259.0   141.8   109.4   154.9   171.5   244.3   272.3   289.2   301.5   316.7   337.0   368.1   530.7  2032.0  3847.4  10460.2    10485
read      294.8   224.3   101.3   152.5   171.0   274.2   316.0   338.3   354.2   372.5   396.6   432.7   671.7  3613.5  7848.8  16521.2    16518
read      436.6   677.3    86.8   145.0   161.9   284.2   347.5   382.6   408.4   442.9   500.9  1437.2  3729.3  7101.9  9855.6  83117.4    83230
read      236.8   145.1   101.3   159.3   172.2   222.4   242.7   254.3   264.1   274.2   290.1   316.3   528.4  2051.8  7125.6   5471.4     5484
read      322.7   214.2    86.8   141.6   156.9   285.4   350.0   388.7   417.9   454.2   504.2   604.8  1036.7  2441.8  5328.5  55306.4    55611
read      319.5   212.1   101.3   156.9   175.9   299.8   349.9   375.6   394.5   416.4   444.0   489.7   778.2  2801.4  7819.9  20707.2    20774
read      408.4   559.4    86.8   152.0   170.2   296.6   359.7   396.3   425.0   462.5   524.2   728.8  3421.2  6192.3 10014.9  96610.0    96726
read      344.7   319.2    93.8   146.9   164.1   305.7   369.9   406.1   432.0   461.9   500.3   566.8  1187.0  5418.2  8889.1  32345.2    32442
read      406.2   584.6    86.8   144.2   159.4   287.0   357.6   401.7   437.7   486.3   559.3   785.3  3306.7  7337.7  9133.4  72963.4    73039
read      324.5   335.9    86.8   140.1   154.1   269.4   338.1   379.2   411.1   451.2   502.0   586.8  1268.7  5508.8  8067.1  73776.6    74055
read      373.1   463.5    93.8   143.2   158.7   297.5   367.7   409.9   442.5   484.6   544.9   664.6  2417.7  6861.0  9039.7  51105.8    51197
read      297.0   189.1    93.8   139.5   152.4   271.6   332.4   366.2   391.1   421.0   460.3   522.2   736.1  2190.9  5770.7  59384.6    59442
read      350.5   274.5    93.8   145.3   162.1   313.5   385.0   423.1   450.0   480.9   522.2   593.6  1196.6  3572.7  7961.6  35544.8    35654
read      427.7   584.2    93.8   147.7   163.5   293.4   367.3   416.4   457.8   513.2   604.0  1060.9  3232.2  6738.0  8112.2  78678.4    78747
read      390.0   430.1    93.8   143.0   160.5   320.9   402.2   447.5   478.8   516.1   569.6   680.9  2142.6  6081.4  9042.1  42271.2    42212
read      322.2   294.4    93.8   140.6   154.4   285.5   348.0   386.3   414.6   449.4   497.2   584.2   871.3  4615.3  9980.4  52358.2    52488
read      366.9   329.8    93.8   145.3   162.6   320.7   396.8   436.5   463.9   496.1   539.8   621.2  1522.4  4633.3  8979.1  37110.2    36950
read      295.0   225.8   101.3   151.8   168.7   274.4   316.0   338.6   354.7   373.0   397.6   435.6   743.0  3135.2  7883.0  16798.6    16762
read      443.4   667.3    86.8   145.5   162.4   287.8   353.3   392.2   423.0   466.2   558.6  1475.4  3724.9  7341.7  9964.9  79450.8    79473
read      318.9   299.9    93.8   139.6   153.8   275.1   338.9   375.4   402.4   435.9   482.3   564.6  1087.0  4681.4  8038.4  61402.8    61431
read      304.3   218.1    86.8   142.8   158.2   263.5   321.6   354.4   377.4   404.4   445.0   549.0  1113.0  2577.4  5475.0  87019.0    87172
read      292.5   208.0    86.8   147.3   163.3   263.5   316.1   345.1   366.4   390.9   422.0   470.5   740.5  2954.0  7308.3 108046.0   108181
read      338.9   348.5    86.8   141.5   156.3   271.8   341.2   384.2   419.5   466.1   533.6   654.1  1615.8  4938.9  8173.8  80405.6    80515
read      360.9   349.9    93.8   144.1   162.1   314.4   386.9   425.6   453.0   485.0   528.6   607.3  1473.0  5155.6 10552.9  37179.8    37149
read      275.3   167.2   101.3   152.6   170.1   260.5   295.7   315.4   329.7   345.5   367.5   400.3   562.7  2166.3  7214.6  13457.4    13444
read      437.5   663.0    86.8   144.4   159.5   289.8   360.0   402.6   438.8   489.0   571.0  1316.8  3656.2  7547.5 10426.4  71968.2    72057
read      327.1   332.6    86.8   140.0   153.6   270.9   338.5   378.3   409.0   448.2   500.1   587.0  1512.8  4564.5  8062.5  70112.4    70041
read      289.7   208.0    86.8   141.3   155.9   255.9   312.0   342.5   364.5   390.2   424.2   489.8   926.2  2973.7  7566.4  90002.4    90162
read      442.1   551.2    93.8   148.3   165.8   312.6   397.0   458.1   512.4   595.6   740.0  1079.3  2812.7  7585.4 10283.3  52226.8    52082
read      320.3   276.3    93.8   151.6   169.7   288.7   338.1   366.0   386.6   410.9   443.4   499.6  1124.3  3713.9  7886.6  24244.4    24258
read      419.3   614.9    86.8   142.5   158.5   286.4   355.0   397.9   433.3   481.1   559.2  1021.4  3328.8  7282.1 13303.0  72015.4    72013
read      316.5   315.5    93.8   140.2   154.4   276.8   339.6   375.3   401.7   434.0   476.4   552.5   936.1  4341.3 11300.4  57795.6    58012
read      541.5   922.8    93.8   149.7   170.4   335.3   429.7   487.7   535.1   600.4   749.4  1589.6  5019.7 10578.3 13734.1  45399.6    45398
read      381.5   499.8    86.8   143.9   160.7   298.6   366.6   407.8   439.9   480.6   539.2   663.1  2823.2  7002.1  9355.9  50091.6    50177
read      373.9   381.4    93.8   148.6   168.0   320.9   392.2   430.4   457.9   490.0   534.3   622.8  1628.4  6017.5  8231.5  34595.4    34504
read      423.7   613.9    86.8   142.3   158.2   287.8   353.0   393.6   426.6   469.6   541.5  1186.4  3425.3  7045.2  8108.4  65977.8    66010
read      335.2   388.2    86.8   140.4   154.8   273.2   341.4   383.1   416.2   458.2   512.3   605.1  1511.1  6226.1  9142.8  73938.8    73937
read      303.5   210.9    86.8   141.6   155.9   275.6   335.2   368.4   392.9   422.2   460.1   523.2   807.5  2742.2  8015.1  54995.8    55020
read      363.5   413.8    93.8   142.6   158.9   298.8   369.6   412.3   444.9   485.7   543.4   648.8  1806.2  5891.5  8238.0  53321.0    53235
read      400.2   544.3    86.8   152.2   170.4   293.8   354.5   389.2   415.4   449.7   504.7   760.7  3315.4  6560.0  8418.1  97719.2    97743
read      233.3   169.8   101.3   152.4   165.1   217.7   237.0   249.4   258.1   269.5   285.1   313.0   593.7  2128.5  7299.9   5387.0     5419
read      288.0   264.6   101.3   152.7   170.6   264.9   301.5   322.0   337.0   354.2   375.5   411.7   684.9  4328.0  8037.8  14706.8    14764
read      240.9   181.8   109.4   151.9   166.4   225.3   247.7   261.3   271.1   283.8   299.6   328.4   461.3  2917.2  7813.0   7409.0     7451
read      448.4   650.0    93.8   145.5   164.8   331.4   425.3   476.6   513.2   560.1   626.5   836.8  3188.9  8137.2 15960.7  48325.8    48208
read      325.9   419.7    93.8   151.3   169.9   271.5   312.8   335.6   352.1   372.3   399.9   459.2  1829.7  6706.8  8036.9  16253.6    16149
read      452.6   678.3    86.8   147.1   164.4   292.0   357.0   394.8   426.2   471.4   578.5  1525.3  3780.8  7195.3  8866.9  78948.2    78989
read      308.3   316.7   101.3   152.1   171.0   278.9   323.0   346.8   364.8   385.4   411.3   454.6   928.8  5410.3 10707.4  18892.0    18886
read      450.0   616.7    93.8   149.0   166.4   302.4   375.4   425.3   466.3   523.3   618.8  1407.8  3456.1  6483.1  8103.6  75814.4    75954
read      393.2   426.1    93.8   145.1   164.2   320.5   403.0   449.3   481.8   520.9   575.2   689.9  2229.9  6064.5  8082.8  44263.2    44409
read      294.7   201.3   101.3   154.2   173.3   276.5   316.5   338.7   354.6   372.6   397.0   434.3   719.3  2933.7  7651.9  16546.0    16431
read      575.6   820.1    86.8   161.1   183.7   329.9   403.6   461.1   520.4   654.9  1397.2  2159.2  4054.1  7875.9 11599.1  85571.6    85707
read      526.5   764.7    86.8   146.9   164.7   309.5   386.2   440.6   495.0   599.4   978.4  2101.1  3858.0  7894.3 10976.5  58132.2    58253
read      346.1   332.9    86.8   153.2   171.4   286.3   344.0   377.6   402.4   434.7   486.6   638.3  1745.9  3829.9  7929.2 103779.4   103867
read      365.5   549.4    93.8   151.3   170.2   285.4   334.1   362.3   383.0   408.2   445.0   540.8  2586.5  7953.2 11327.9  21674.2    21604
read      438.2   642.4    86.8   150.3   168.0   293.1   356.0   391.8   419.1   455.5   520.3  1458.5  3567.5  7140.5  8623.1  90380.6    90401
read      329.8   352.0    86.8   141.9   156.9   266.8   331.5   369.5   399.2   439.3   507.0   646.0  1420.3  4456.1  9702.4  84297.2    84467
read      288.4   197.3    80.4   145.4   161.2   260.7   314.1   343.3   364.6   388.9   419.6   467.6   729.6  2879.1  7078.4  99883.4    99700
read      334.1   254.7    93.8   146.4   164.1   301.6   364.0   398.7   424.0   452.8   489.0   546.6  1060.8  3471.5  7746.0  32083.4    32052
read      300.4   215.7    93.8   152.6   171.0   281.3   323.6   346.3   363.7   383.5   409.1   451.8   733.6  3308.8  7717.3  18192.4    18173
read      369.4   467.2    93.8   140.0   153.6   275.8   341.1   380.7   412.1   453.0   510.4   706.5  2719.4  5061.1  8204.6  67780.2    67789
read      349.0   362.0    93.8   141.6   156.7   293.1   360.4   400.4   431.0   468.5   523.5   629.7  1534.1  5258.7  8793.2  51798.6    51929
read      379.3   506.5    86.8   143.7   159.3   272.6   334.3   368.6   394.7   428.2   486.0   813.2  2972.9  5426.7  8024.3  83906.6    83850
read      291.2   183.8    93.8   150.5   168.1   274.9   315.4   338.4   354.9   373.6   398.7   436.2   626.5  2533.0  7815.9  18580.0    18614
read      329.3   247.8    93.8   145.0   161.9   301.9   361.9   393.8   416.1   441.4   473.5   531.5  1031.7  3370.4  7815.0  29207.4    29315
read      445.7   581.7    86.8   163.1   184.6   323.0   388.2   427.4   459.3   502.7   576.3   995.9  3399.8  6403.8  9494.9 107906.4   108090
read      321.6   276.3    93.8   146.2   162.1   294.0   348.3   377.7   398.7   423.5   454.2   502.5   902.4  4424.2  8083.8  26957.2    27024
read      400.5   434.9    86.8   142.7   160.4   325.5   419.8   468.1   502.0   542.6   594.9   716.5  2175.1  5766.0 10715.9  50041.8    49907
read      246.5   176.6   101.3   151.6   167.1   232.0   257.2   271.2   281.8   294.1   311.9   339.7   495.0  2326.7  8001.8   9190.0     9150
read      351.3   350.6    93.8   142.6   158.6   309.6   377.9   413.4   438.3   467.1   504.1   575.6  1314.1  5623.6 10102.3  34364.2    34328
read      341.4   302.3    86.8   141.8   157.3   297.6   369.3   411.5   442.9   480.8   532.7   615.6  1020.4  4326.6  7973.9  51901.6    51881
read      292.8   369.9   101.3   151.7   169.8   261.6   297.0   316.5   330.8   346.4   369.6   405.5   894.9  7033.5 11777.3  14462.2    14569
read      444.9   673.7    86.8   145.9   162.2   287.6   352.2   389.6   419.6   462.6   549.9  1511.4  3705.1  7490.2  9165.5  81716.8    81517
read      330.9   403.2    86.8   140.4   154.4   269.0   336.0   377.8   412.2   456.7   514.1   610.2  1334.6  6229.6 13335.3  78574.4    78694
read      286.4   202.3    86.8   143.5   157.9   254.7   310.1   340.5   362.2   386.8   418.6   471.8   881.2  2556.2  7228.1  93456.2    93409
read      335.6   237.8    93.8   141.6   157.0   304.4   371.8   409.8   436.8   468.2   507.0   574.8  1067.9  3340.2  7354.2  39173.4    39093
read      294.9   209.7    93.8   146.9   163.3   274.0   316.2   339.4   356.3   375.1   400.7   443.8   823.2  2911.8  7761.5  18794.2    18729
read      382.8   504.7    93.8   141.7   155.8   279.1   344.9   385.9   418.9   461.3   524.9   718.2  2916.6  5502.3  8092.5  70880.0    70818
read      334.4   363.0   101.3   150.1   167.3   290.8   341.2   368.7   389.4   414.4   449.8   523.4  1415.3  6115.0 10700.7  21991.0    21942
read      418.6   588.4    93.8   148.9   165.8   289.6   354.4   392.2   421.7   461.7   533.9  1356.9  3296.2  6749.0  9204.0  91880.8    91810
read      388.2   470.9    93.8   144.9   161.8   315.9   393.2   437.7   470.0   508.6   565.6   675.7  1991.7  7540.4 10066.9  39679.0    39588
read      403.4   446.6    93.8   144.8   163.8   332.3   418.9   464.4   496.9   537.3   589.9   702.1  2206.8  6323.6 10143.6  40899.2    40957
read      359.5   461.2    93.8   141.5   155.3   278.1   343.8   383.2   413.3   451.3   503.4   626.4  2616.7  6003.9 10488.6  62744.6    62645
read      292.3   196.7   101.3   153.9   172.5   270.2   311.0   334.0   350.4   370.7   396.9   439.2   780.1  3012.6  7618.3  15551.0    15539
read      430.0   539.5    93.8   163.9   185.1   321.6   388.0   428.6   461.9   507.5   583.1   795.8  3101.9  6411.6 10824.7 107636.2   107672
read      346.9   327.0    93.8   146.4   164.0   310.0   375.5   413.2   439.5   470.6   508.5   576.5   986.5  5008.4  9985.3  32934.0    32954
read      371.1   486.5    86.8   142.4   156.1   282.9   347.4   385.9   415.4   453.4   507.8   679.3  2700.1  6266.9 10334.3  58843.8    58866
read      319.6   185.0    93.8   147.8   165.7   300.3   354.9   384.7   404.7   429.8   461.3   508.6   760.5  2515.4  6994.3  23766.0    23739
read      334.5   371.4    93.8   141.3   155.0   281.9   345.8   383.6   411.4   446.9   496.7   606.9  1306.9  6590.4 10218.8  54698.6    54701
read      307.6   292.5    86.8   140.3   153.4   272.9   335.8   370.8   396.5   426.9   465.9   532.2   816.0  4268.1  9488.7  60460.6    60706
read      356.2   404.1    86.8   146.1   161.7   285.3   355.9   401.7   440.3   490.5   560.0   685.3  1538.9  6364.1  8636.3  72276.4    72350
read      344.6   368.3    93.8   143.8   158.5   287.0   352.0   391.4   422.9   462.8   517.2   616.2  1622.7  5450.1  8416.2  58684.0    58661
read      368.4   329.4    86.8   147.1   167.4   321.9   395.1   434.5   462.8   495.9   540.6   623.6  1493.8  4688.0  8070.0  34789.2    34912
read      478.3   642.4    93.8   172.4   197.3   341.6   409.3   452.9   488.5   537.3   616.2  1199.5  3538.2  7443.3 12194.8 103160.8   103268
read      352.0   298.2    93.8   145.4   163.1   315.1   389.3   430.8   460.5   495.2   539.0   606.9   845.9  4623.5  8337.3  38613.8    38703
read      387.1   516.8    86.8   144.3   160.9   279.6   340.6   375.4   402.0   437.5   502.0   844.3  2974.3  5479.1  9194.4  83356.2    83358
read      310.3   205.6    93.8   141.3   155.2   278.7   341.5   376.9   403.6   437.1   484.6   563.8   837.4  2785.3  6530.4  57464.2    57408
read      306.3   239.6    86.8   144.1   159.8   265.8   322.5   354.1   376.6   403.6   442.8   531.8  1164.9  2940.3  7394.3  86750.0    86837
read      342.2   226.1    93.8   146.8   164.3   312.3   379.3   417.1   444.1   475.0   516.2   584.0   972.4  3014.7  6319.9  33541.2    33517
read      432.3   606.4    93.8   144.6   160.7   293.6   366.3   412.9   451.5   502.1   585.7  1235.6  3463.6  6938.6  8426.6  66054.4    66204
read      344.6   308.6    86.8   144.7   159.5   281.1   352.1   398.1   437.0   489.5   561.6   690.3  1475.9  3912.2  7704.8  73871.8    73758
read      342.9   344.6    86.8   152.1   169.2   284.1   341.7   373.8   397.9   427.7   470.3   573.8  1804.0  3751.3  7824.1  99836.6    99742
read      316.9   256.0    86.8   155.1   173.0   283.7   337.4   367.3   389.5   416.3   453.5   526.1   856.1  3565.2  8108.0 109511.2   109462
read      289.8   204.3    86.8   146.1   161.1   260.6   315.0   344.5   365.7   389.9   420.6   468.9   778.6  2950.2  7214.1  94387.0    94453
read      375.0   327.1    86.8   144.7   162.4   326.1   412.7   461.0   495.1   534.8   584.0   672.2  1255.4  4730.1  9139.0  44081.6    44096
read      376.2   451.4    86.8   151.6   169.5   289.4   349.5   386.2   414.3   452.5   511.5   669.8  2809.6  5311.1  8101.6 100582.0   100467
read      249.6   137.5   101.3   154.6   170.7   236.2   262.6   277.1   289.7   304.3   322.3   355.1   468.5  1832.1  5924.4   8524.8     8576
read      350.3   337.7    93.8   141.9   156.7   285.1   353.1   395.6   428.9   471.1   535.7   696.8  1750.2  3824.3  8282.0  59274.8    59359
read      241.2   151.1   101.3   153.4   168.1   228.7   252.6   267.0   276.8   291.1   309.8   340.0   428.1  1775.3  7678.9   7633.4     7614
read      381.7   452.9    86.8   143.0   157.7   287.5   356.7   399.7   434.8   482.0   553.9   801.4  2619.8  5421.0  9116.5  60084.0    60329
read      359.6   341.2    93.8   143.9   161.0   312.5   388.6   431.8   463.5   501.2   550.8   631.2  1138.0  5439.3  8093.1  43761.4    43762
read      371.1   466.5    93.8   143.7   158.3   282.8   352.2   395.9   431.2   475.7   539.5   674.1  2681.9  6192.0  8933.2  66959.8    67038
read      323.9   193.7    93.8   150.7   168.7   303.5   361.1   392.2   414.3   439.9   473.1   526.6   734.5  2382.6  6215.2  26055.6    26095
read      411.4   578.4    93.8   146.9   162.1   291.8   364.8   412.1   451.9   504.1   582.2   793.1  3241.8  7089.2  9319.7  71135.2    71173
read      365.8   377.3    93.8   158.9   177.9   299.6   358.9   393.7   420.6   455.4   506.7   629.4  1910.4  4384.6  8098.5 109200.2   109276
read      282.6   152.4    93.8   158.3   177.6   266.8   303.0   323.5   339.2   357.8   381.3   421.0   578.8  2179.0  4293.1  13280.2    13150
read      422.9   576.8    93.8   143.9   158.9   291.6   363.1   407.8   445.0   495.1   581.4  1201.5  3093.6  6612.5  8816.4  61256.8    61250
read      298.4   263.9    93.8   142.1   156.4   257.0   314.7   346.0   368.6   395.0   430.1   501.4  1080.3  3542.5  7982.6  84330.4    84472
read      285.6   211.1    93.8   141.6   155.4   254.5   311.2   341.2   362.5   386.5   416.5   466.1   838.0  2928.9  7646.8  82097.6    82226
read      324.8   202.0    93.8   148.7   165.6   303.3   361.6   394.2   417.5   444.0   477.3   531.8   703.8  2729.4  7675.2  27700.8    27671
read      458.3   599.9    93.8   161.4   181.9   322.6   393.9   438.8   475.7   527.1   608.6  1387.8  3461.3  6915.5  8132.2  98664.2    98736
read      304.4   223.4    93.8   152.7   169.5   274.5   327.5   357.0   377.8   402.3   434.6   489.7   740.4  3426.1  6091.7 106242.0   106314
read      315.7   292.7    86.8   151.7   168.3   274.6   328.7   359.1   381.0   407.0   443.0   508.1  1106.6  3751.2  7708.2 104914.6   105027
read      291.6   226.9    86.8   146.7   161.7   260.5   314.4   343.8   365.1   389.3   419.9   468.0   720.9  3434.7  7256.8  97020.0    96867
read      284.2   192.5    86.8   144.6   159.1   257.4   311.7   341.2   362.1   385.9   415.8   463.5   719.1  3003.1  6166.2  89413.8    89493
read      295.4   149.2    93.8   141.4   154.7   276.3   334.0   365.7   389.1   417.2   454.6   512.1   675.8  1721.2  3288.0  50544.4    50538
read      316.3   187.4    93.8   151.6   170.2   297.8   349.8   378.3   398.4   422.2   452.4   500.1   709.8  2502.8  7252.8  22062.2    22083
read      322.7   209.2    93.8   143.1   157.7   290.6   353.3   390.8   418.8   453.3   500.0   585.4   937.8  2668.5  5209.0  48494.8    48618
read      333.7   388.6    86.8   147.0   162.9   269.4   326.2   358.3   381.8   410.1   451.8   552.3  1898.1  6054.9  8616.8  94377.0    94298
read      316.9   253.8    93.8   142.4   156.5   275.5   338.7   374.8   403.1   439.5   489.9   575.4  1010.8  3641.0  7375.0  63777.0    63579
read      317.1   224.5    93.8   142.1   156.2   276.5   342.8   383.5   415.3   455.2   507.3   595.0   915.7  2883.6  6919.9  64449.4    64573
read      346.8   288.5    86.8   146.6   162.2   281.1   350.4   397.2   438.2   497.6   584.4   740.5  1278.7  3587.8  7580.7  76989.0    77178
read      340.0   263.1    93.8   147.9   165.2   311.6   375.4   409.5   433.6   461.7   497.2   555.4   840.0  4045.2  7780.5  29847.8    29824
read      397.1   514.7    93.8   143.5   158.8   289.6   360.1   403.6   440.4   488.5   560.5   781.5  2980.4  5683.5  9099.6  64562.6    64495
read      307.9   156.5   101.3   151.7   169.7   292.7   341.9   369.1   388.7   411.0   439.3   484.8   628.0  1885.9  6293.5  20801.4    20917
read      420.1   588.7    86.8   149.8   167.2   292.0   355.2   391.5   419.7   457.4   523.9  1313.4  3452.8  6790.7 10048.8  85596.8    85651
read      316.2   218.1    86.8   142.3   157.3   278.4   344.4   383.8   413.7   451.2   500.9   586.4   888.9  2496.8  6287.7  61973.2    61935
read      306.6   211.1    93.8   143.8   159.1   282.7   341.0   373.9   398.5   427.4   464.8   524.6   677.3  2961.2  7742.3  50226.2    50216
read      351.9   325.3    86.8   146.2   162.4   287.5   358.7   404.9   445.9   499.1   573.7   706.2  1414.0  4819.4  7862.7  72179.0    72251
read      389.0   508.3    86.8   147.4   163.6   288.5   360.0   406.2   446.3   500.0   578.5   744.6  2802.5  6653.2  8953.8  71814.8    71798
read      317.5   201.8   101.3   159.9   179.5   296.3   346.1   373.2   392.4   414.6   443.5   491.5   747.5  2714.0  7799.4  19777.8    19701
read      330.8   214.6    93.8   152.6   172.1   309.2   366.7   397.0   418.7   443.1   473.7   528.3   793.3  2892.6  7451.0  24916.0    24952
read      452.3   667.8    93.8   149.7   166.4   294.6   359.9   396.9   426.3   466.9   550.4  1590.1  3659.8  7438.2  8667.5  81690.2    81838
read      328.9   176.1    93.8   154.0   172.0   309.1   367.9   400.3   423.4   449.7   482.8   536.0   702.1  2326.5  5819.7  26735.0    26648
read      339.2   286.8   101.3   156.9   177.0   312.5   370.1   400.9   422.7   447.4   478.9   533.3   833.3  3481.9  9877.4  24792.6    24837
read      348.5   315.6   101.3   151.5   170.1   318.5   383.7   417.6   440.7   467.6   503.7   566.2   934.7  3868.2 12008.1  29385.8    29420
read      471.2   596.3    86.8   168.9   193.1   338.3   409.5   454.7   491.0   539.8   620.8  1377.7  3487.6  6757.0  8985.8 103874.0   103882
read      350.3   304.2    86.8   149.2   165.3   291.7   361.8   405.6   443.5   494.8   568.1   698.9  1253.0  4059.2  8279.9  70270.2    70314
read      312.6   185.6    93.8   144.3   159.2   279.9   345.9   384.8   413.4   448.5   495.0   570.1   793.2  2279.4  4944.7  61703.2    61679
read      310.1   195.6    93.8   145.6   161.1   284.5   344.4   378.1   401.6   430.5   467.4   530.6   780.8  2340.8  6413.7  49584.0    49557
read      266.5   132.6   101.3   158.2   174.7   262.4   289.0   303.6   314.3   327.5   344.9   374.6   466.9  1179.2  7582.3  19388.6    19325
read      234.0    75.5   101.3   159.5   174.5   230.9   249.2   259.3   266.9   274.5   288.1   308.1   359.7   895.2  3797.0   9104.8     9128
read      278.4   145.4    86.8   145.9   161.1   257.6   311.2   340.3   360.9   383.8   411.6   454.7   574.3  1727.2  4731.1  95025.4    94933
read      262.7    76.1    93.8   154.9   170.4   264.6   292.5   307.2   317.1   329.8   344.6   369.4   423.6   588.8  1954.8  24349.6    24327
read      274.7   127.4    86.8   140.7   155.2   256.9   313.3   342.5   362.4   384.3   410.2   451.3   558.7  1085.6  3654.9  71892.4    71896
read      279.3   142.5    86.8   145.1   160.6   259.1   313.4   342.9   363.7   387.0   415.3   458.0   571.8  1464.4  3974.9  93952.6    93771
read      260.4   111.9    93.8   156.1   172.6   259.5   285.7   299.1   310.3   321.6   339.2   366.1   430.8   702.9  4041.8  20395.4    20452
read      270.5   107.9    86.8   143.4   158.1   267.4   310.4   331.4   345.4   362.6   383.0   413.7   486.2   901.5  2956.6  42280.8    42338
read      274.0   126.0    86.8   140.3   154.6   256.8   313.3   342.0   361.6   383.1   408.6   449.7   561.9  1179.0  3019.1  72679.6    72627
read      284.3   188.9    86.8   140.7   155.5   258.0   315.4   345.7   366.7   390.6   420.6   468.1   744.6  1965.0  7690.0  80621.6    80603
read      268.9   131.8    86.8   139.9   154.0   263.7   310.4   333.0   347.8   365.5   387.1   419.6   497.0   771.3  3988.7  49099.0    49049
read      271.7   120.8    86.8   140.4   154.7   252.5   306.8   335.9   356.1   378.6   405.5   449.1   572.6  1197.5  2975.0  92479.2    92305
read      268.8   113.8    86.8   139.1   153.1   258.7   310.0   334.8   351.3   369.9   393.4   427.6   508.5  1016.8  3262.8  56817.2    56889
read      273.3   122.4    86.8   139.6   154.3   255.1   311.9   341.1   361.1   383.1   409.2   451.0   551.7  1262.5  2907.0  78055.0    78036
read      267.2   117.5    86.8   137.7   151.2   251.1   307.8   336.6   355.9   376.5   401.2   436.0   522.6   875.5  2347.5  71454.8    71583
read      272.4   111.5    86.8   139.5   153.7   256.2   313.9   343.0   362.8   384.5   409.9   448.8   537.9   925.8  2279.3  72439.8    72609
read      293.5   153.6    86.8   151.8   168.8   273.4   325.7   354.6   374.6   398.5   428.9   476.6   632.8  1932.3  5395.9 107495.6   107382
read      284.3   141.0    86.8   145.7   161.5   265.2   320.0   349.7   370.2   393.5   422.2   464.9   590.7  1583.7  3269.1  86285.8    86530
read      249.7    92.9    93.8   153.5   168.3   250.0   272.3   284.5   292.6   303.0   316.4   339.2   397.0   883.1  4208.5  16636.6    16550
read      281.4   341.4    86.8   141.2   155.5   256.0   313.7   344.2   365.8   390.4   421.9   474.4   735.2  1442.4  2969.9  84527.6    84534
read      265.5   114.9    80.4   135.1   149.0   248.6   305.7   334.4   353.6   374.5   400.1   437.1   539.4   918.8  3142.9  72714.0    72631
read      265.2   100.2    86.8   138.7   152.3   261.2   308.3   330.7   345.4   363.1   383.9   414.8   479.9   685.7  1693.9  49238.0    49291
read      267.9   117.0    86.8   137.6   151.0   255.6   310.9   337.7   355.5   374.4   398.2   432.4   508.2   909.8  3100.3  62113.4    62175
read      267.8   139.0    86.8   137.9   151.6   248.9   305.9   335.6   355.8   377.8   403.5   442.4   539.5   992.9  2923.9  80213.6    80213
read      251.4    89.4    93.8   156.0   171.7   251.1   273.9   286.9   295.2   306.8   319.7   342.4   397.8   789.3  3204.0  16705.4    16566
read      267.4   117.5    86.8   139.4   153.0   259.7   310.7   334.7   350.4   368.3   390.2   421.6   490.3   803.9  3388.1  53969.6    53985
read      272.4   133.9    86.8   144.2   158.9   251.7   304.1   333.1   353.3   375.8   403.0   444.7   558.8  1561.3  3434.1 101751.0   101949
read      257.0    73.1    93.8   151.3   166.0   260.2   287.0   300.6   310.8   321.1   337.4   360.4   403.5   600.3  1884.2  24097.0    24076
read      270.5   118.4    93.8   140.6   154.6   263.0   314.0   338.1   354.2   371.5   393.8   426.3   498.3   847.1  4068.5  52289.4    52574
read      288.1   157.9    86.8   150.5   167.0   267.6   319.1   347.9   368.8   392.7   422.7   467.7   611.0  1910.8  4158.2 106298.2   106271
read      282.9   158.5    86.8   148.2   164.0   262.1   313.8   342.5   363.1   386.6   415.5   459.7   579.3  1924.1  5037.4 105503.4   105451
read      270.8   131.8    86.8   140.9   155.5   251.7   306.5   336.2   356.8   379.7   406.0   446.5   539.4  1062.5  3303.4  86077.6    86087
read      262.7    89.0    93.8   149.6   164.1   264.7   296.0   312.1   322.7   336.5   352.5   376.0   430.6   618.8  3098.5  29166.0    29108
read      291.1   168.7    86.8   149.0   165.1   267.9   321.1   350.8   371.6   395.9   426.3   473.0   662.3  2121.7  5709.9 100920.8   101115
read      268.2   115.6    86.8   138.5   152.4   251.7   307.7   336.7   356.4   377.8   402.9   439.6   524.3   826.8  2768.6  74283.8    74326
read      269.1   112.4    86.8   139.3   153.0   251.4   308.7   338.1   358.3   380.2   405.6   444.2   535.0   936.7  2380.7  75791.2    75832
read      273.1   142.9    86.8   141.7   156.3   251.6   306.9   336.4   356.9   379.7   406.8   449.3   562.4  1563.8  4851.4  94922.8    94901
read      246.5    76.8   101.3   154.9   170.2   246.3   267.6   278.4   287.1   295.7   309.8   330.8   387.8  1078.7  2122.7  15785.6    15809
read      263.9    86.1    93.8   151.1   165.9   265.9   297.2   313.3   324.1   337.7   353.9   376.2   429.3   674.8  2292.7  28831.6    28874
read      268.9   113.1    86.8   140.3   154.4   262.5   312.2   336.0   352.0   369.8   391.5   422.3   489.1   774.0  2591.4  51759.0    51882
read      271.8    98.8    93.8   152.1   167.5   273.0   308.4   325.9   338.5   352.7   369.9   396.5   454.6   668.4  2295.3  32743.2    32653
read      276.5   102.6    93.8   149.9   165.2   274.8   317.9   339.1   353.5   369.5   389.5   417.8   471.8   715.1  2496.5  41647.6    41676
read      272.6   125.6    86.8   140.4   154.9   258.1   313.4   341.3   360.1   380.5   403.8   438.8   518.4  1018.0  4657.6  63121.4    63019
read      281.7   124.1    86.8   147.8   163.6   263.3   315.3   344.1   364.8   388.2   416.9   460.2   580.1  1307.9  3100.0  99248.0    99164
read      272.6   117.3    93.8   143.3   157.7   267.5   314.2   337.0   352.3   369.4   391.0   422.2   490.9   917.6  4210.0  47200.2    47055
read      273.7   157.4    86.8   139.9   153.8   257.7   312.4   339.2   357.2   376.4   399.9   433.8   532.5  1842.9  5710.0  62300.8    62394
read      287.5   150.1    86.8   148.3   164.2   265.6   319.2   348.7   370.0   394.3   424.4   469.8   638.8  1827.3  3467.4  98510.4    98519
read      267.2    90.2    93.8   150.3   165.3   268.6   302.2   318.9   331.3   344.4   362.6   388.5   440.4   716.1  2838.9  32046.4    32122
read      271.5   109.5    86.8   144.2   158.9   265.2   312.0   335.5   351.1   368.6   390.3   421.3   489.3   839.7  3014.9  49260.2    49464
read      264.1    81.6    93.8   156.4   172.1   265.3   293.6   308.7   318.5   331.7   346.0   370.6   424.2   632.2  3107.3  24086.2    24034
