#type       avg     std     min      p5     p10     p50     p67     p75     p80     p85     p90     p95     p99    p999   p9999      QPS   target       ts_start         ts_end
read      265.3   140.6    93.8   157.9   170.8   244.0   281.8   304.2   320.4   341.8   370.4   421.2   577.2  2158.3  4532.2  29933.8    30000  1778238332075  1778238342237
read      270.7   153.8   101.3   159.2   172.8   248.5   286.5   309.1   326.0   346.9   376.1   428.9   598.8  2201.2  4999.3  30073.6    30005  1778238343750  1778238353879
read      276.3   160.1   101.3   158.1   172.5   252.7   292.0   315.5   333.5   355.7   387.0   441.2   638.6  2446.8  5282.4  30011.1    30010  1778238355393  1778238365494
read      274.8   156.4   101.3   159.2   172.6   251.5   291.2   314.7   332.8   355.1   386.6   443.2   638.3  2241.2  6212.0  29888.3    30015  1778238367008  1778238377111
read      273.0   167.5   101.3   156.3   169.7   247.4   287.1   310.6   328.4   350.4   382.6   441.4   666.7  2431.2  5753.8  29933.1    30020  1778238378628  1778238388729
read      268.9   153.5   101.3   156.7   170.0   244.5   283.3   307.0   324.7   346.9   379.4   437.4   626.8  2017.1  5999.9  29946.6    30025  1778238390245  1778238400351
read      308.1  4104.3   101.3   158.7   172.8   253.7   296.4   322.9   343.7   370.6   409.7   488.8   776.8  3046.9  8923.1  30055.8    30030  1778238401866  1778238411969
read      272.3   164.2   101.3   155.0   168.0   243.3   283.1   307.2   325.5   349.5   384.7   453.8   767.8  2240.3  4986.9  29987.0    30035  1778238413486  1778238423589
read      269.6   506.1   101.3   153.7   166.8   241.1   279.7   303.2   320.4   342.9   373.5   430.4   614.1  2892.9  6372.1  30021.9    30040  1778238425103  1778238435213
read      272.7   151.1    93.8   158.8   172.8   250.0   289.3   312.5   330.1   351.9   382.8   436.3   614.1  2160.5  4745.0  30034.8    30045  1778238436728  1778238446830
read      270.4   143.5   101.3   156.7   170.6   248.0   287.0   310.2   327.7   349.6   380.5   435.6   615.4  2138.4  4737.7  30161.7    30050  1778238448346  1778238458448
read      270.8   149.6   101.3   159.6   172.9   247.8   286.5   309.6   326.6   347.4   377.7   431.3   607.4  2442.9  4326.5  30044.5    30055  1778238459965  1778238470065
read      277.2   124.4   101.3   163.7   178.3   257.8   297.3   320.7   338.8   360.8   390.8   439.6   588.1  1269.4  4233.4  30057.2    30060  1778238471581  1778238481681
read      273.5   133.4   101.3   165.2   179.3   252.8   290.1   312.5   329.4   349.3   377.6   428.3   612.6  1686.9  4465.0  30077.2    30065  1778238483198  1778238493299
read      296.6   175.7   101.3   160.9   176.0   262.3   306.7   334.2   356.1   385.4   430.2   525.2   904.2  2163.1  4669.1  30092.4    30070  1778238494816  1778238504921
read      267.8   119.2    93.8   152.8   166.8   247.6   289.7   314.4   333.3   356.3   387.2   436.8   575.6  1283.3  4033.6  30007.7    30075  1778238506441  1778238516544
read      272.7   120.3    93.8   158.4   172.8   254.0   295.2   319.2   337.9   360.5   390.9   439.5   563.0  1076.4  4036.8  30114.7    30080  1778238518062  1778238528170
read      262.2   113.9    93.8   153.9   167.3   243.5   283.7   307.1   324.2   345.6   374.9   424.5   543.3   873.4  4127.3  30119.6    30085  1778238529685  1778238539787
read      251.4   109.1   101.3   153.7   166.1   234.1   269.7   290.8   306.7   325.5   351.3   394.4   510.8  1001.2  3673.4  30075.0    30090  1778238541303  1778238551405
read      264.5   117.8   101.3   159.5   173.3   247.4   283.9   305.3   320.6   341.0   368.1   414.3   545.0  1333.0  3804.7  30081.0    30095  1778238552919  1778238563025
read      267.5   113.4    93.8   158.9   173.1   250.6   288.1   310.1   326.4   346.4   374.5   423.8   564.0  1055.7  3938.7  29967.1    30100  1778238564541  1778238574642
read      265.8   131.8   101.3   156.9   170.8   246.2   283.5   305.7   321.8   342.8   371.3   421.4   578.8  1611.1  4361.8  30057.2    30105  1778238576156  1778238586260
read      262.1   108.5   101.3   158.4   171.8   244.7   281.2   302.5   318.2   338.6   365.6   411.4   558.1  1114.3  3863.6  30137.7    30110  1778238587774  1778238597875
read      255.1   110.3    93.8   151.9   165.0   236.9   274.0   295.6   312.3   332.5   359.6   403.3   545.1  1108.2  3827.6  30045.3    30115  1778238599390  1778238609491
read      269.1   135.4   101.3   162.2   176.4   250.6   286.5   307.9   323.5   343.5   370.5   417.1   565.1  2031.4  4665.7  30133.2    30120  1778238611005  1778238621109
read      271.7   196.9    93.8   159.2   174.5   254.1   293.1   316.3   333.9   354.9   383.0   428.3   541.7  1233.3  4392.3  30138.8    30125  1778238622624  1778238632735
read      280.6   113.0    93.8   166.3   181.4   263.9   304.8   328.4   345.6   367.5   395.7   440.4   550.1  1122.9  3484.7  30163.7    30130  1778238634250  1778238644351
read      285.0   116.0    93.8   165.3   181.6   267.5   310.0   335.3   354.1   376.2   405.7   455.8   566.7   917.9  4107.5  30127.4    30135  1778238645865  1778238655967
