Timestamp start: 1778527861646
Timestamp end: 1778528941946

#type       avg     std     min      p5     p10     p50     p67     p75     p80     p85     p90     p95     p99    p999   p9999      QPS   target
read      258.7   252.4   101.3   160.9   175.3   232.7   256.7   270.9   281.8   294.9   314.6   347.5   806.7  4057.5  7969.2   6887.0     6927
read      347.6   371.7    86.8   143.9   159.8   291.9   358.2   396.9   426.4   462.4   513.4   612.3  1614.5  5640.7  9285.6  52729.5    52892
read      395.1   548.0    86.8   151.6   169.1   288.3   348.0   382.8   408.7   443.5   500.8   711.9  3239.2  6292.2  9062.8  98931.1    98921
read      310.0   255.4    86.8   141.3   155.6   274.7   337.7   372.7   399.0   430.9   471.6   544.4   883.1  3203.6  8582.9  61156.1    61129
read      383.3   423.2    93.8   147.9   166.7   319.7   398.2   440.6   469.6   504.9   554.3   645.9  1856.4  6815.4  9366.9  40627.4    40613
read      346.0   382.9    86.8   144.1   160.0   290.7   355.9   394.0   422.8   458.4   507.3   601.7  1577.7  5914.3  9567.9  53272.1    53226
read      370.6   413.9    86.8   146.7   165.5   316.6   391.7   431.8   459.8   493.0   537.6   619.7  1599.2  6732.6 11901.7  38586.2    38560
read      321.4   351.7    86.8   150.2   166.5   270.5   325.9   357.4   380.2   406.9   444.3   513.3  1556.1  5149.1  9491.8 103440.7   103465
read      283.7   206.4    80.4   144.4   159.6   252.9   305.5   335.4   356.9   381.6   412.8   462.5   752.3  2893.9  7379.9 104856.4   104758
read      280.5   180.9    86.8   143.2   157.7   251.9   306.5   336.9   358.5   383.1   413.8   462.8   714.8  2313.5  7070.6  94916.1    94759
read      386.9   449.9    86.8   148.5   166.8   321.1   399.6   441.2   470.3   505.5   553.0   644.1  1960.1  7094.4 10679.1  37714.9    37799
read      254.2   177.0   101.3   158.4   174.3   237.4   264.4   278.8   289.9   302.8   319.3   347.1   593.9  2415.6  7746.8   8306.7     8296
read      351.8   431.9    86.8   142.8   157.1   274.9   340.1   379.7   411.0   451.6   506.0   616.3  2506.7  5538.9  8746.9  69420.4    69443
read      272.7   186.2    93.8   155.0   172.0   254.0   287.9   307.3   320.4   337.1   358.0   391.9   633.2  2768.2  7439.3  12519.9    12517
read      388.6   416.3    86.8   146.2   165.1   323.2   407.6   452.2   482.9   520.4   572.3   678.5  1876.8  6305.0 10373.1  43542.8    43591
read      336.7   370.2    93.8   153.6   173.3   293.7   343.0   369.7   388.8   410.8   441.0   502.3  1544.0  6624.2  9538.5  20464.1    20430
read      338.0   424.7    86.8   144.3   160.2   267.4   325.1   357.5   380.7   408.6   449.5   544.1  2456.0  5691.7  9577.3  93667.9    93758
read      271.1   217.0   101.3   158.2   175.7   250.9   280.9   297.4   310.7   325.3   344.8   378.3   686.9  3143.4  7843.5  10511.8    10485
read      308.1   295.0   101.3   155.5   174.4   276.3   316.9   339.1   355.1   373.2   398.5   440.9  1199.2  4794.5  7847.5  16554.1    16518
read      374.3   491.8    86.8   146.1   162.1   278.3   343.4   383.9   417.0   463.8   543.8   728.2  2821.2  6370.1  8667.2  83309.3    83230
read      261.8   359.1    93.8   158.1   171.4   224.1   245.3   258.0   267.8   279.2   296.1   331.9  1205.7  7457.0  8580.5   5503.2     5484
read      322.8   361.9    93.8   141.3   155.8   278.9   339.0   372.7   397.7   428.0   467.4   539.8  1078.5  5884.2  9986.3  55580.0    55611
read      323.4   289.6    93.8   153.6   172.9   288.4   337.2   363.6   382.4   404.1   434.7   497.1  1276.8  3795.0  9041.2  20813.1    20774
read      345.0   426.5    86.8   148.8   164.4   272.9   331.2   363.8   387.8   417.1   459.7   565.9  2398.9  5468.7 10403.7  96707.3    96726
read      349.8   307.0    93.8   150.5   168.8   309.1   374.6   409.3   433.9   462.8   500.5   570.9  1333.4  4595.6  7847.5  32492.1    32442
read      403.5   548.3    86.8   143.6   160.0   289.6   359.4   403.4   440.1   488.9   567.2   838.1  3078.6  6346.4 10094.7  73087.1    73039
read      329.7   312.8    86.8   140.4   155.2   273.5   340.2   381.0   413.4   454.2   508.3   610.6  1482.2  4252.2  7906.4  74028.7    74055
read      359.1   357.7    86.8   144.7   161.1   299.3   371.2   414.2   446.5   486.0   540.4   640.3  1765.7  5068.4  8025.6  51245.7    51197
read      325.9   310.6    86.8   141.1   155.5   279.7   343.7   381.2   409.1   444.0   492.0   582.1  1274.7  3988.9 10223.1  59375.1    59442
read      366.0   433.1    93.8   146.0   163.8   311.6   381.0   417.6   443.4   473.2   515.1   594.3  1668.6  7140.4 12694.2  35706.1    35654
read      350.6   395.9    86.8   143.7   158.3   274.1   342.3   386.2   422.6   469.4   536.7   667.8  2068.1  5364.7  8108.4  78664.1    78747
read      358.8   328.9    86.8   144.2   161.1   311.6   389.7   430.8   459.3   492.3   535.8   609.4  1439.4  4584.7  8132.2  42147.3    42212
read      334.3   350.6    86.8   145.8   161.2   288.0   350.4   386.2   412.7   445.5   491.1   578.3  1248.9  5485.8 10590.2  52407.0    52488
read      356.0   262.5    93.8   150.7   169.7   324.5   400.4   439.7   466.8   498.8   539.4   600.3   902.1  3898.2  7834.5  36915.7    36950
read      301.1   164.7   101.3   159.2   178.7   285.9   330.0   353.5   369.9   389.7   414.4   454.6   597.0  2532.0  5064.8  16789.0    16762
read      370.9   468.4    86.8   145.8   161.3   278.0   345.9   389.6   426.4   477.6   558.5   734.1  2672.0  6305.2  9487.1  79479.7    79473
read      316.3   265.3    93.8   141.9   156.1   275.9   340.4   377.4   405.4   440.9   488.2   566.4   978.6  3468.6  8853.2  61354.2    61431
read      304.2   283.6    86.8   141.6   155.9   255.1   313.5   345.6   369.4   397.7   436.5   531.5  1280.4  3809.4  7697.6  87206.4    87172
read      295.3   220.2    86.8   148.8   164.3   263.3   316.5   346.1   368.1   393.7   426.8   482.5   775.4  3291.1  7181.2 108169.1   108181
read      341.0   345.3    86.8   144.1   159.2   270.4   337.4   379.2   415.1   466.0   546.0   695.0  1610.4  4400.2  8440.6  80532.7    80515
read      349.1   232.2    93.8   149.3   166.9   318.6   392.6   431.6   458.9   490.6   532.1   593.9   911.2  3148.7  7350.2  37109.3    37149
read      285.7   172.7    93.8   161.2   179.5   268.5   306.5   327.3   342.3   360.6   383.5   421.3   613.5  2299.8  7514.4  13463.9    13444
read      365.6   448.9    86.8   147.9   163.1   283.1   353.8   399.9   439.7   493.1   568.0   714.3  2387.2  5276.2  7933.5  72124.3    72057
read      330.1   290.6    86.8   146.1   160.7   276.2   344.5   388.1   423.2   467.5   529.3   629.4  1079.3  4079.7  8048.9  70069.9    70041
read      288.9   222.6    86.8   143.7   158.1   254.0   310.2   341.0   363.0   388.3   420.7   472.4   898.6  3233.8  7062.3  90238.1    90162
read      305.7   192.0    93.8   145.2   159.8   279.7   339.8   373.1   398.4   428.9   468.1   534.4   722.4  2393.2  6604.9  52035.3    52082
read      319.3   191.1    93.8   153.4   171.4   300.4   355.1   384.4   404.1   428.6   459.3   506.2   699.9  2492.5  6947.5  24239.8    24258
read      376.2   466.2    93.8   148.8   163.4   283.6   353.3   398.9   437.0   488.8   562.0   718.1  2730.4  6109.4  9166.4  72062.9    72013
read      308.4   202.7    86.8   143.0   156.7   277.1   340.2   376.2   403.3   436.7   482.0   555.5   804.5  2516.7  7282.5  58061.0    58012
read      359.4   246.9    93.8   146.5   163.5   322.3   408.2   453.5   484.8   521.7   569.2   641.1   932.1  3226.7  7740.4  45422.3    45398
read      311.0   202.9    93.8   145.1   159.6   284.0   344.6   378.9   403.6   434.4   474.0   541.9   765.2  2688.2  7371.3  50212.1    50177
read      342.8   225.1    93.8   150.7   168.9   317.4   386.5   422.4   447.5   475.6   512.0   573.9   773.1  3287.4  7248.2  34494.1    34504
read      353.5   353.5    93.8   146.3   161.8   285.2   353.5   395.9   429.9   472.6   535.3   655.6  2054.0  4320.5  7902.6  65941.1    66010
read      345.9   299.6    86.8   148.5   163.9   284.1   354.5   401.0   441.1   494.8   570.0   703.0  1222.7  3998.9  7953.7  73891.7    73937
read      307.4   173.8    93.8   144.0   158.5   281.3   343.6   379.1   404.6   436.0   477.5   544.7   752.2  1965.0  4789.6  55005.8    55020
read      311.0   234.5    86.8   144.4   159.1   281.5   342.0   375.5   400.5   431.2   470.7   539.8   790.2  2927.0  8763.1  53279.5    53235
read      275.7   132.6    86.8   145.8   160.9   253.5   306.7   336.5   357.7   381.7   410.9   456.1   579.4  1492.6  3269.7  97679.7    97743
read      228.9   126.1   101.3   158.6   171.9   220.7   237.8   248.6   255.7   266.7   279.8   305.4   388.6  1156.4  7282.5   5394.4     5419
read      252.1    77.8    86.8   160.1   176.3   250.4   273.2   286.1   294.6   306.5   319.9   343.8   402.3   829.6  2099.5  14717.4    14764
read      231.7   102.4   101.3   160.1   174.5   226.4   244.3   254.1   262.4   271.1   283.9   305.0   367.2  1064.8  5240.2   7458.2     7451
read      270.3   105.7    86.8   144.2   158.2   264.1   314.1   337.3   352.6   369.2   389.7   418.6   475.5   739.9  2495.2  48212.4    48208
read      256.9    98.7    93.8   159.3   175.9   254.8   279.2   292.7   302.5   314.2   329.6   353.8   417.2   861.1  3937.1  16081.9    16149
read      268.6   118.0    86.8   140.5   154.2   248.3   304.8   335.0   355.6   378.3   404.3   445.1   542.6  1042.1  2973.0  79088.1    78989
read      261.7    92.1    86.8   158.6   174.6   261.0   287.1   300.7   311.2   321.9   338.9   364.7   431.6   925.8  2916.9  18894.8    18886
read      265.7   118.2    86.8   139.4   152.8   245.6   302.6   332.7   352.9   374.6   400.6   437.0   528.6  1016.9  2826.0  75693.5    75954
read      270.5   110.7    86.8   145.0   159.3   265.9   312.6   334.7   349.1   365.8   385.8   414.1   471.8   784.1  2961.0  44386.9    44409
read      256.9    83.0    93.8   159.0   175.6   255.5   279.7   292.9   302.8   314.7   330.5   355.7   420.9   797.8  3309.2  16411.3    16431
read      270.4   135.5    86.8   141.1   155.3   248.5   303.7   334.3   355.4   379.0   406.7   449.8   562.4  1177.1  3418.0  85635.6    85707
read      276.6   219.7    86.8   141.8   155.9   259.5   314.7   341.8   360.1   379.8   402.8   436.6   523.6  1494.9 10145.4  58266.8    58253
read      294.5   202.4    86.8   148.9   164.6   264.2   318.5   349.3   371.5   397.3   430.7   488.4   765.6  2876.3  7428.7 103910.3   103867
read      259.4    88.0    93.8   155.7   170.7   260.5   287.1   300.7   310.9   321.1   337.5   360.9   412.5   842.5  3100.4  21534.9    21604
read      270.7   128.5    86.8   142.2   156.4   248.1   303.1   333.8   355.2   378.9   406.7   450.3   566.8  1274.8  3601.6  90326.1    90401
