read      271.6   103.0    93.8   163.8   179.0   256.8   294.3   316.4   333.4   353.5   379.9   422.8   514.1   837.3  3656.6  30031.1    30000  1777032955037  1777032965177
read      287.7   134.7   109.4   164.6   179.4   264.3   310.7   338.5   359.3   384.2   417.2   468.1   601.5  1676.8  4305.8  30057.6    30005  1777032966693  1777032976813
read      264.2   136.2   101.3   155.0   168.0   241.6   279.7   302.3   319.4   341.8   372.4   428.0   592.6  2045.6  4287.9  30041.3    30010  1777032978326  1777032988427
read      261.6   136.1   101.3   156.6   169.1   239.6   275.8   297.4   314.4   335.4   364.6   416.4   583.3  2072.7  4788.6  29960.1    30015  1777032989942  1777033000046
read      277.4   148.1   101.3   161.5   174.8   252.2   293.3   318.3   338.0   362.2   395.3   453.9   631.2  2210.3  4810.4  30063.2    30020  1777033001560  1777033011664
read      267.5   161.2   101.3   155.1   168.0   242.9   282.3   306.0   323.6   346.7   380.7   436.1   613.1  2028.0  6234.8  30040.8    30025  1777033013177  1777033023276
read      256.1   153.7   101.3   156.8   168.5   234.1   268.8   289.7   305.6   324.5   351.3   397.6   543.0  2559.9  5744.5  30073.9    30030  1777033024790  1777033034894
read      273.5   136.8   101.3   161.5   174.9   251.0   290.6   314.6   333.1   355.8   386.7   439.0   595.8  1956.4  4232.7  30033.2    30035  1777033036409  1777033046509
read      273.0   141.0   101.3   160.8   173.7   249.5   290.1   314.6   333.5   356.5   387.7   439.9   605.5  1987.0  4373.6  30020.8    30040  1777033048023  1777033058125
read      264.0   159.0   101.3   157.6   170.2   240.7   277.8   300.8   318.0   339.6   368.7   419.4   567.9  2232.4  5250.9  30031.3    30045  1777033059638  1777033069737
read      274.2   143.5   101.3   162.5   176.0   252.2   291.4   314.7   332.8   355.0   385.2   435.0   584.8  2127.4  5100.2  29987.4    30050  1777033071249  1777033081353
read      253.3   116.7    93.8   154.1   166.3   234.1   269.7   290.9   307.0   326.4   353.6   400.2   532.8  1469.9  4307.7  30028.0    30055  1777033082867  1777033092968
read      269.9   143.5   101.3   159.8   173.5   248.8   288.2   312.1   330.0   351.8   381.4   428.5   547.0  2002.1  4932.3  30143.9    30060  1777033094482  1777033104587
read      263.9   103.6    93.8   154.1   168.2   246.6   286.8   311.0   329.1   351.0   380.1   425.4   518.6   783.5  3141.1  30084.1    30065  1777033106101  1777033116201
read      268.0   114.5    93.8   156.2   170.1   246.5   287.6   313.8   334.3   359.6   392.6   443.3   546.4  1007.5  3626.8  30051.8    30070  1777033117713  1777033127818
read      264.0   109.2    93.8   159.2   172.5   246.0   284.6   308.4   326.0   347.5   375.8   421.1   511.6   908.1  4160.1  30109.7    30075  1777033129331  1777033139432
read      268.1   110.4    93.8   156.7   171.4   249.4   290.2   315.2   334.4   357.6   387.9   432.6   529.5   972.2  3381.4  30114.9    30080  1777033140947  1777033151052
read      267.5   182.3   101.3   158.5   171.1   242.3   278.1   299.2   315.6   335.9   363.7   412.3   624.3  2970.2  5410.5  30023.3    30085  1777033152564  1777033162667
read      271.1   149.0   101.3   160.4   173.7   248.2   287.6   311.5   329.6   351.5   381.3   431.0   581.1  2147.5  4988.0  30055.4    30090  1777033164180  1777033174280
read      248.7   114.2   101.3   155.6   167.7   232.0   264.6   283.8   297.7   315.8   340.0   379.7   494.1  1420.6  3900.1  29962.6    30095  1777033175795  1777033185899
read      263.1   104.7   101.3   162.4   176.1   247.7   283.8   305.7   321.4   341.4   366.7   403.8   495.3   830.5  3417.6  30131.7    30100  1777033187411  1777033197517
read      256.8   117.7   101.3   160.2   172.8   241.2   274.9   295.0   310.2   328.0   351.9   391.7   493.5  1278.9  4868.7  30112.2    30105  1777033199030  1777033209136
read      263.6   102.4   101.3   158.2   172.0   245.7   284.2   308.3   326.2   348.1   376.9   423.3   513.0   768.4  3192.3  30165.3    30110  1777033210651  1777033220754
read      279.1   107.3   101.3   167.5   183.5   264.2   303.2   325.8   343.1   364.3   391.2   432.4   519.6   855.3  4127.4  30116.1    30115  1777033222267  1777033232371
read      281.4   117.2   101.3   166.6   182.1   263.4   305.1   330.0   348.2   370.8   399.6   444.2   540.4   971.7  4205.3  30075.9    30120  1777033233884  1777033243985
read      279.0   115.6    93.8   167.4   182.8   261.7   300.7   324.4   342.7   365.3   394.0   437.3   536.1   963.5  3959.2  30100.9    30125  1777033245498  1777033255602
read      283.0   116.6    93.8   171.7   187.2   266.0   306.1   329.9   347.1   369.3   397.5   439.2   534.8   911.2  4300.2  30069.3    30130  1777033257115  1777033267219
