#type       avg     std     min      p5     p10     p50     p67     p75     p80     p85     p90     p95     p99    p999   p9999      QPS   target       ts_start         ts_end
read      295.6   160.5    93.8   159.7   176.1   267.4   313.4   342.0   365.5   396.4   440.7   515.1   707.3  1870.8  5128.3  30033.3    30000  1777974600093  1777974610269
read      282.9   163.7    93.8   159.8   175.7   259.9   300.9   325.8   345.3   371.4   407.9   470.3   620.5  1793.8  6227.2  29909.7    30005  1777974611793  1777974621937
read      289.3   144.8   101.3   161.5   177.8   265.6   309.0   335.3   356.3   384.0   423.9   487.9   638.2  1662.1  4871.0  30111.9    30010  1777974623454  1777974633575
read      267.7   171.9   101.3   152.1   165.1   241.5   283.1   306.8   324.0   345.9   378.8   439.1   651.7  2291.9  6178.0  30057.8    30015  1777974635096  1777974645207
read      254.3   131.3   101.3   151.2   162.8   231.4   271.7   294.8   312.5   333.7   362.1   410.8   564.7  1569.5  4749.7  29985.6    30020  1777974646732  1777974656838
read      276.7   173.7    93.8   154.1   167.8   249.2   291.5   316.1   335.4   359.7   394.8   462.5   692.3  2318.0  5458.5  29971.7    30025  1777974658354  1777974668455
read      267.0   159.5    93.8   151.3   164.7   243.0   283.4   306.8   323.7   346.0   379.9   441.6   626.1  2200.6  6026.2  29990.4    30030  1777974669971  1777974680074
read      273.8   173.9    93.8   152.9   166.2   246.7   289.0   313.3   331.9   355.6   390.6   456.0   654.3  2688.6  5371.0  30028.9    30035  1777974681589  1777974691691
read      261.1   142.6    93.8   150.8   163.3   236.9   279.0   303.1   320.3   342.7   373.0   427.5   587.6  1987.8  4800.9  30046.5    30040  1777974693207  1777974703308
read      258.4   130.3   101.3   151.2   163.5   235.6   275.9   298.9   316.3   338.0   368.5   423.5   585.6  1589.8  4627.5  30062.2    30045  1777974704825  1777974714926
read      263.0   136.4   101.3   151.4   163.9   241.0   283.3   307.2   324.7   346.5   377.3   431.5   592.6  1321.1  4939.9  29991.8    30050  1777974716443  1777974726542
read      273.1   145.1    93.8   155.0   169.2   250.9   291.7   315.1   333.2   356.1   389.6   448.5   620.9  2098.2  4669.3  30041.9    30055  1777974728055  1777974738160
read      262.4   126.6   101.3   152.9   166.2   241.8   281.2   303.7   320.1   341.7   371.8   429.3   586.5  1358.3  4482.6  30030.7    30060  1777974739674  1777974749776
read      273.4   144.7   101.3   155.4   169.0   248.9   290.4   314.5   333.4   357.6   393.0   458.4   639.7  2038.7  4286.7  30056.8    30065  1777974751292  1777974761392
read      273.9   154.5   101.3   154.6   167.7   247.7   290.7   315.6   335.1   359.3   392.9   454.6   664.0  2238.2  4904.8  30082.8    30070  1777974762907  1777974773007
read      274.8   140.6   101.3   155.0   169.4   252.2   294.3   318.8   338.2   362.8   397.8   462.0   615.6  1662.5  4498.9  30112.7    30075  1777974774523  1777974784628
read      263.9   129.5    86.8   146.3   159.9   241.1   287.3   314.2   334.5   359.3   392.4   445.0   573.3  1118.0  4277.8  30202.7    30080  1777974786145  1777974796247
read      271.3   127.4    93.8   150.2   163.5   243.9   289.4   317.0   339.4   368.9   412.6   484.9   630.4  1165.0  3833.3  30160.6    30085  1777974797764  1777974807865
read      266.3   120.8    93.8   148.9   161.9   240.3   287.5   315.7   337.6   364.9   401.6   463.7   592.1   952.3  3869.2  30026.1    30090  1777974809382  1777974819486
read      261.2   117.7    93.8   147.6   160.9   238.2   283.0   309.3   328.9   353.2   386.8   440.0   567.2  1043.7  3761.3  30093.1    30095  1777974821001  1777974831102
read      267.1   119.5    93.8   150.6   164.3   245.1   290.5   316.7   337.1   362.0   395.1   448.6   567.9   977.3  3911.4  30124.4    30100  1777974832619  1777974842722
read      273.1   146.6   101.3   155.9   170.1   249.8   290.8   314.8   333.8   358.3   394.9   461.3   629.7  1342.0  5278.2  30092.9    30105  1777974844238  1777974854339
read      265.4   122.2   101.3   152.9   166.3   244.4   284.6   307.9   325.0   346.6   379.5   437.6   600.2  1367.4  4096.0  30101.4    30110  1777974855855  1777974865960
read      271.0   149.5   101.3   153.2   166.2   244.9   287.3   312.1   331.0   355.5   391.9   460.3   664.9  1874.2  4829.6  30092.5    30115  1777974867479  1777974877589
read      285.3   157.9    93.8   155.5   169.8   256.4   300.1   326.8   347.4   374.9   418.1   499.2   764.6  1982.2  4321.8  30026.3    30120  1777974879105  1777974889209
read      293.4   171.3   101.3   157.7   172.1   258.5   304.3   332.9   356.1   387.5   434.6   533.4   860.0  2047.3  4397.5  29996.9    30125  1777974890727  1777974900831
read      283.3   138.0    93.8   158.5   173.9   259.1   303.2   329.6   349.8   376.6   416.5   483.5   640.1  1356.0  4745.4  30094.0    30130  1777974902349  1777974912457
read      277.2   123.0    93.8   156.1   171.9   255.7   297.5   323.1   343.1   369.2   405.4   466.0   599.2  1238.2  3983.0  30175.2    30135  1777974913974  1777974924081
read      293.9   137.4    93.8   162.6   179.0   271.2   317.9   345.8   367.8   394.3   429.2   488.1   647.9  1361.3  4733.6  30221.2    30140  1777974925596  1777974935715
read      273.0   119.3    93.8   158.6   174.0   254.8   295.3   318.8   337.3   359.9   390.3   438.5   559.4  1051.9  4060.1  30266.1    30145  1777974937236  1777974947344
read      279.5   128.9   101.3   157.6   172.8   257.4   301.4   327.3   346.6   371.9   405.2   463.7   618.7  1400.6  4083.3  30177.0    30150  1777974948861  1777974958967
read      290.9   167.2    93.8   158.2   173.9   260.6   305.7   333.3   355.2   384.2   427.1   502.4   757.9  2195.5  5122.2  30145.1    30155  1777974960484  1777974970589
read      305.1   219.8    93.8   163.6   179.8   267.5   312.0   339.3   361.7   391.4   436.0   525.6   953.6  3150.2  6203.5  30225.9    30160  1777974972108  1777974982216
read      287.3   128.8   101.3   161.6   178.1   266.4   308.4   334.0   354.3   381.7   421.9   486.0   611.8  1035.8  4256.4  30085.8    30165  1777974983737  1777974993842
read      282.6   125.1    93.8   163.5   178.6   260.9   302.4   327.3   346.1   371.2   405.3   467.6   624.1  1288.0  3793.1  30156.6    30170  1777974995358  1777975005461
read      283.3   127.8    93.8   158.1   174.3   261.2   304.9   331.7   352.5   380.0   418.7   478.4   612.5  1077.3  3882.9  30129.0    30175  1777975006976  1777975017081
read      287.9   123.4    93.8   163.4   179.0   265.9   309.7   336.3   357.3   384.0   421.9   484.0   621.5  1087.7  3931.0  30195.4    30180  1777975018596  1777975028701
read      288.6   144.5    93.8   159.9   175.5   263.7   308.5   335.8   357.1   384.1   421.6   486.7   679.2  1642.8  4168.2  30220.0    30185  1777975030216  1777975040324
read      293.9   148.8   101.3   163.9   179.4   267.0   310.0   336.6   358.0   386.1   426.6   499.8   746.9  1826.6  4131.4  30164.7    30190  1777975041843  1777975051947
read      285.6   122.5   101.3   162.7   178.1   263.3   305.9   332.0   352.5   379.3   418.5   482.2   625.4  1288.4  3400.4  30143.8    30195  1777975053463  1777975063568
read      286.1   129.0    93.8   158.6   175.1   262.8   306.2   333.0   354.9   385.4   427.9   493.5   625.8  1073.5  3877.3  30221.6    30200  1777975065083  1777975075190
read      283.8   130.3    93.8   158.2   174.8   261.8   305.0   331.5   352.6   380.3   420.0   482.0   610.6  1010.3  4231.6  30122.1    30205  1777975076708  1777975086810
read      280.4   126.0   101.3   163.4   178.5   261.3   302.3   326.4   345.0   368.5   399.5   451.8   571.3  1508.7  4338.0  30277.0    30210  1777975088326  1777975098431
read      296.6   159.4   101.3   161.4   177.2   267.3   313.9   342.1   365.2   394.5   434.9   510.0   766.6  1913.3  4740.2  30229.3    30215  1777975099947  1777975110056
read      287.0   128.6   101.3   162.6   178.7   265.0   307.4   333.4   354.0   380.9   419.9   482.9   626.6  1178.8  4018.2  30240.6    30220  1777975111572  1777975121677
read      284.9   132.2    93.8   163.3   178.9   262.2   303.3   328.7   348.1   375.0   415.9   482.9   626.1  1260.1  4216.5  30216.4    30225  1777975123192  1777975133299
read      278.2   114.9    86.8   162.9   177.9   259.3   299.4   323.0   341.5   365.2   398.3   456.3   583.4   997.1  3948.3  30227.0    30230  1777975134816  1777975144923
read      281.4   149.7    93.8   157.7   173.1   257.1   299.7   325.4   345.1   370.7   406.5   468.2   638.4  1853.9  4808.4  30220.2    30235  1777975146436  1777975156536
read      285.1   134.4    93.8   162.1   177.4   261.1   302.5   328.1   347.3   373.8   413.3   482.1   658.6  1518.4  4504.9  30247.1    30240  1777975158056  1777975168159
read      280.9   123.7    93.8   161.6   176.8   260.7   302.8   328.0   346.8   371.5   404.6   461.9   590.3  1148.9  4057.7  30184.4    30245  1777975169677  1777975179779
read      287.2   123.8   101.3   159.7   176.0   265.0   309.4   336.5   358.2   385.9   424.3   486.7   627.6  1246.7  3380.7  30254.8    30250  1777975181295  1777975191402
read      321.7   228.1   101.3   168.6   186.1   280.6   330.1   363.2   390.4   426.6   477.9   572.6   934.0  3059.0  6885.4  30122.6    30255  1777975192920  1777975203043
read      305.2   244.1    93.8   161.5   177.6   272.3   321.6   351.9   374.8   403.5   443.9   513.8   771.8  3404.2  9220.6  30268.6    30260  1777975204571  1777975214693
read      288.6   133.7   101.3   162.6   178.9   266.0   308.7   335.2   356.6   384.8   424.7   487.2   624.4  1186.4  4393.9  30176.6    30265  1777975216208  1777975226318
read      290.8   148.9    93.8   161.0   176.9   265.6   310.3   338.0   361.0   391.3   432.5   498.9   639.1  1671.2  5180.3  30251.2    30270  1777975227833  1777975237939
read      283.1   131.8    93.8   157.9   174.5   260.3   303.6   330.3   351.1   379.3   419.6   482.6   614.2  1163.5  4484.7  30267.5    30275  1777975239454  1777975249558
read      287.3   157.9    93.8   160.7   176.2   262.3   306.6   333.7   355.4   384.2   424.1   486.8   635.3  1565.2  5685.3  30353.9    30280  1777975251075  1777975261184
read      302.4   206.7    86.8   164.5   180.5   269.0   315.1   343.4   366.9   397.3   441.3   521.6   814.8  2552.6  6704.6  30231.8    30285  1777975262705  1777975272841
read      295.6   173.8   101.3   162.3   178.1   267.3   313.2   341.3   363.4   390.9   428.6   496.8   738.9  2124.0  6063.3  30298.6    30290  1777975274367  1777975284486
read      289.4   133.4    93.8   166.2   182.4   267.3   309.4   335.0   355.1   381.8   421.0   483.1   622.8  1363.1  4543.3  30169.9    30295  1777975286004  1777975296110
read      285.5   134.9   101.3   156.3   173.1   259.7   304.5   332.6   355.7   387.7   431.4   499.5   642.8  1151.2  4062.6  30415.7    30300  1777975297627  1777975307738
