#type       avg     std     min      p5     p10     p50     p67     p75     p80     p85     p90     p95     p99    p999   p9999      QPS   target       ts_start         ts_end
read      246.0   104.4    80.4   135.7   150.2   235.4   274.2   294.7   309.7   326.6   347.9   383.6   471.7  1024.7  3223.8  29878.6    30000  1777922534209  1777922544370
read      237.8   114.3    80.4   129.6   144.4   225.7   264.0   284.9   299.8   317.9   341.5   376.4   460.8   780.3  4153.4  29990.0    30005  1777922545886  1777922556009
read      249.3   132.1    80.4   129.8   144.6   231.9   272.9   295.9   313.5   334.5   362.2   408.1   552.8  1512.6  4514.9  29993.4    30010  1777922557523  1777922567635
read      240.5   147.6    80.4   126.0   139.5   221.5   260.4   282.8   298.9   318.7   345.1   391.4   540.0  2186.7  4746.6  30049.7    30015  1777922569149  1777922579253
read      246.9   136.5    80.4   127.3   141.8   228.6   268.4   291.5   308.9   330.0   359.1   405.0   555.8  2012.1  3934.4  30095.4    30020  1777922580767  1777922590869
read      252.1   177.4    80.4   126.3   139.6   225.7   267.7   291.8   310.4   333.5   366.0   427.8   721.3  2621.9  6089.6  29958.8    30025  1777922592384  1777922602490
read      244.6   152.0    80.4   128.4   142.1   223.3   262.4   285.1   302.1   322.6   351.7   400.3   585.5  2282.3  4936.7  30074.5    30030  1777922604005  1777922614110
read      246.9   154.2    80.4   129.1   143.6   227.6   266.9   289.6   306.7   327.3   355.0   399.8   548.0  2170.5  4978.5  29962.1    30035  1777922615625  1777922625728
read      246.7   145.5    86.8   130.3   144.4   226.5   266.4   290.0   308.2   330.1   359.1   403.9   545.5  2215.1  4773.0  30059.1    30040  1777922627242  1777922637343
read      243.0   120.6    86.8   130.3   144.6   225.1   264.0   286.9   304.4   325.7   354.5   399.6   526.1  1423.4  3660.0  30056.8    30045  1777922638858  1777922648960
read      251.6   137.7    80.4   131.3   146.4   232.1   272.1   296.1   315.0   337.5   367.0   416.0   564.5  1969.8  4268.9  30097.9    30050  1777922650474  1777922660587
read      236.8   140.8    80.4   127.0   140.5   219.2   256.0   276.8   292.6   311.3   335.9   375.3   510.5  2150.4  4637.3  30086.8    30055  1777922662101  1777922672213
read      240.8   154.0    80.4   129.9   143.5   222.2   259.5   281.1   297.1   317.2   343.3   387.3   522.6  2190.5  5767.8  29937.9    30060  1777922673726  1777922683836
read      241.7   123.4    86.8   132.3   146.9   226.7   264.0   284.6   299.4   317.6   341.9   382.2   506.5  1632.4  4259.7  29985.8    30065  1777922685350  1777922695459
read      248.4   123.3    86.8   140.5   154.7   232.6   270.2   292.0   308.3   327.3   352.0   393.5   502.3  1411.0  4677.4  30019.9    30070  1777922696973  1777922707076
read      251.8   120.5    86.8   139.7   154.4   235.6   273.8   296.1   312.7   332.1   357.7   400.7   528.0  1519.6  3969.7  30053.8    30075  1777922708592  1777922718699
read      253.0   117.5    80.4   138.0   152.8   236.6   275.7   299.4   317.0   338.1   365.9   408.8   526.1  1242.0  3692.9  30036.1    30080  1777922720214  1777922730325
read      243.3   141.3    80.4   134.5   148.4   227.5   265.0   286.4   302.0   320.5   345.7   387.8   490.6  1796.2  6073.1  30027.3    30085  1777922731838  1777922741942
read      241.4   115.3    80.4   131.5   145.6   226.1   264.1   286.0   302.4   321.8   347.6   392.0   502.4  1188.0  3440.9  29928.8    30090  1777922743455  1777922753559
read      249.7   129.6    86.8   137.3   152.0   232.3   270.9   293.7   311.4   332.8   361.0   403.4   521.4  1427.5  4353.2  30116.5    30095  1777922755076  1777922765181
read      365.8   509.4    80.4   137.2   152.9   246.1   298.3   335.0   366.4   412.8   516.0   950.2  3094.8  6132.1  6700.7  30145.8    30100  1777922766695  1777922776797
read      353.6   538.7    80.4   137.8   153.8   246.6   294.8   326.2   351.7   387.2   440.6   600.7  3532.8  6196.3  7412.4  30105.9    30105  1777922778310  1777922788418
read      257.8   157.7    86.8   138.6   153.4   236.4   276.3   300.6   318.7   341.2   371.0   420.4   559.2  2463.2  5122.4  30157.3    30110  1777922789931  1777922800038
read      243.3   131.1    86.8   135.9   150.1   227.1   264.0   285.7   301.7   320.6   346.0   387.6   489.0  1575.5  4647.1  30029.9    30115  1777922801552  1777922811654
read      246.9   132.2    80.4   132.8   147.9   231.6   270.4   292.5   309.2   328.8   354.5   396.0   497.5  1911.0  5016.3  30186.9    30120  1777922813169  1777922823282
read      247.4   129.0    80.4   132.5   148.4   233.3   272.0   293.4   309.4   328.3   354.0   395.3   504.6  1480.1  4395.0  30129.7    30125  1777922824796  1777922834904
read      253.3   119.7    86.8   141.3   156.6   241.8   280.3   301.1   316.1   334.3   357.5   393.8   485.0   950.3  4395.2  30073.5    30130  1777922836419  1777922846522
read      245.5   118.0    80.4   137.3   152.2   233.8   270.9   291.1   305.9   322.5   344.9   381.9   470.4   920.7  4319.6  30147.0    30135  1777922848035  1777922858156
read      252.3   137.1    80.4   138.6   153.9   239.2   277.6   298.5   314.2   332.8   356.8   395.0   496.4  1551.7  5307.2  30222.9    30140  1777922859670  1777922869779
read      248.3   108.5    74.4   137.6   152.6   236.1   274.2   295.2   311.0   329.4   353.4   391.2   484.1  1066.5  3708.3  30105.4    30145  1777922871293  1777922881394
read      251.3   114.5    86.8   139.8   155.1   238.5   276.9   298.3   314.4   333.2   357.1   394.4   486.8  1032.0  4252.4  30114.6    30150  1777922882908  1777922893007
read      253.1   116.3    80.4   141.7   157.0   241.6   279.4   300.0   315.3   333.6   357.1   394.5   489.7   939.5  4506.7  30135.2    30155  1777922894521  1777922904626
read      249.4   110.3    86.8   140.8   155.8   237.9   275.3   295.9   311.0   328.4   350.8   387.8   473.3   932.4  4308.0  30193.2    30160  1777922906139  1777922916240
read      250.6   113.6    80.4   135.0   151.4   239.8   278.0   299.1   314.6   333.0   356.9   394.3   481.7  1002.0  4230.7  30091.6    30165  1777922917755  1777922927859
read      259.3   124.9    86.8   142.2   159.0   245.8   284.9   307.0   322.6   342.6   368.5   407.8   509.6  1480.0  4382.1  30169.8    30170  1777922929372  1777922939480
read      253.7   117.6    80.4   143.0   158.1   239.6   277.8   299.0   315.1   334.7   360.4   400.4   503.4  1082.3  4189.6  30188.4    30175  1777922940994  1777922951102
read      254.0   114.0    80.4   141.2   156.7   242.4   281.4   302.5   317.5   335.8   359.4   396.2   485.2   945.1  4296.1  30176.3    30180  1777922952615  1777922962721
read      254.3   122.9    80.4   138.7   153.9   242.7   282.5   303.9   318.6   337.4   361.5   398.8   499.5  1073.7  4249.6  30174.2    30185  1777922964233  1777922974339
read      244.4   118.4    74.4   136.1   151.1   234.4   271.3   291.3   305.7   321.5   343.0   375.7   455.2   788.4  4667.4  30162.2    30190  1777922975852  1777922985955
read      245.4   111.2    80.4   134.6   150.5   232.9   270.5   291.9   308.0   326.6   350.1   387.6   470.8  1137.2  4052.9  30247.6    30195  1777922987468  1777922997569
read      253.5   121.4    80.4   137.0   153.0   240.1   279.9   302.3   318.3   338.2   363.9   402.9   505.7  1063.6  4525.0  30185.7    30200  1777922999084  1777923009190
read      250.8   114.6    80.4   138.9   154.5   238.7   276.0   297.0   313.0   331.7   355.9   394.5   484.6  1096.7  4163.1  30192.2    30205  1777923010704  1777923020809
read      241.6   107.6    80.4   134.3   149.8   229.2   266.6   287.4   302.3   319.5   342.9   379.8   465.0   971.3  3965.7  30161.3    30210  1777923022323  1777923032425
read      245.7   116.6    74.4   134.0   150.4   234.7   272.0   292.2   307.0   323.6   345.7   381.8   468.2  1365.5  4385.9  30281.8    30215  1777923033938  1777923044048
read      247.3   123.8    80.4   134.4   150.9   235.8   273.3   293.7   308.8   326.0   348.6   386.4   471.2  1158.6  4438.7  30175.8    30220  1777923045561  1777923055663
read      258.0   119.6    80.4   142.4   158.2   244.3   283.5   305.7   321.5   341.9   368.3   408.9   508.7  1284.5  3989.2  30184.9    30225  1777923057177  1777923067281
read      246.6   118.5    80.4   134.6   150.3   233.7   272.3   294.1   310.3   329.0   353.0   390.5   475.6  1079.1  4791.3  30222.7    30230  1777923068797  1777923078901
read      251.5   121.3    80.4   138.5   154.6   238.8   276.4   297.2   313.4   332.2   356.6   395.9   493.2  1083.8  4260.9  30189.6    30235  1777923080414  1777923090517
read      249.8   135.1    80.4   139.0   153.7   234.8   272.7   294.1   309.8   328.1   352.3   392.3   496.4  2058.5  4974.5  30288.5    30240  1777923092032  1777923102135
read      250.2   137.6    80.4   139.7   154.8   237.2   274.2   294.7   309.8   327.2   349.6   386.6   475.4  1992.2  5825.6  30187.1    30245  1777923103649  1777923113754
read      259.1   144.9    80.4   139.0   155.1   243.1   282.7   305.2   321.0   341.9   369.0   412.3   532.3  2048.5  5447.4  30242.1    30250  1777923115270  1777923125370
read      252.9   125.8    80.4   136.3   151.8   238.9   278.8   300.7   316.5   335.9   361.0   401.0   522.3  1528.5  4323.9  30158.0    30255  1777923126885  1777923136988
read      255.4   119.5    80.4   140.7   156.3   242.8   281.3   302.6   317.9   337.2   362.2   400.7   505.3  1368.8  3939.5  30255.5    30260  1777923138501  1777923148602
read      250.8   111.6    80.4   136.3   151.5   237.0   276.5   299.3   316.2   336.6   362.7   401.7   501.9  1019.2  3686.5  30289.8    30265  1777923150114  1777923160217
read      255.5   125.9    80.4   137.9   154.2   243.1   282.4   304.0   319.2   338.6   363.7   402.4   507.1  1322.0  4319.1  30325.9    30270  1777923161731  1777923171834
read      247.3   118.1    80.4   136.1   151.0   233.3   271.6   293.2   309.5   328.8   354.4   395.0   493.2  1221.1  4305.2  30244.2    30275  1777923173349  1777923183455
read      241.4   112.1    80.4   133.4   148.4   227.5   265.0   286.0   301.4   319.7   344.7   386.9   494.2   959.7  4060.6  30255.3    30280  1777923184969  1777923195074
read      245.0   109.3    80.4   135.6   150.7   232.7   270.4   291.3   306.8   324.5   347.5   386.2   478.8  1095.1  3947.2  30300.8    30285  1777923196587  1777923206695
read      252.1   114.5    80.4   136.6   151.8   237.5   277.6   300.3   316.9   337.1   363.3   403.2   520.0  1322.4  3891.6  30177.4    30290  1777923208208  1777923218312
read      252.3   111.7    80.4   142.2   157.7   240.9   278.0   298.3   313.6   331.6   355.0   393.0   488.3   807.5  3842.9  30308.3    30295  1777923219826  1777923229929
read      248.0   107.8    80.4   134.8   150.2   234.3   273.4   295.3   312.1   332.0   358.1   398.1   497.7  1065.5  3478.1  30342.3    30300  1777923231442  1777923241545
read      251.7   112.9    80.4   136.4   152.1   237.8   276.9   299.5   316.2   336.9   363.8   403.6   505.6   985.7  3889.5  30226.2    30305  1777923243059  1777923253171
read      245.2   108.8    74.4   131.7   147.7   232.3   270.8   291.7   307.2   325.2   349.0   389.1   503.1  1261.2  3423.6  30298.4    30310  1777923254688  1777923264798
read      244.7    97.6    80.4   137.2   152.4   231.6   269.3   290.8   306.9   325.8   350.3   389.8   478.8   780.9  3106.8  30281.7    30315  1777923266310  1777923276412
read      251.4   111.5    80.4   136.5   152.2   238.7   278.1   300.3   316.5   336.1   361.9   401.1   492.3   864.9  4017.4  30334.5    30320  1777923277925  1777923288033
read      248.7   117.3    80.4   134.8   150.9   235.2   272.9   294.3   310.5   329.7   355.6   396.8   500.8  1225.6  4290.1  30253.9    30325  1777923289549  1777923299655
read      249.6   109.3    80.4   136.5   152.4   237.3   275.6   296.7   312.5   331.0   355.2   394.2   501.4   992.7  4081.3  30407.3    30330  1777923301170  1777923311276
read      243.8   110.3    74.4   133.1   148.9   232.0   270.3   291.0   306.0   322.7   345.5   383.8   482.5  1041.0  4110.4  30330.5    30335  1777923312791  1777923322896
read      246.5   110.3    80.4   133.5   149.5   232.7   272.1   294.4   311.2   331.0   356.6   395.9   495.3   934.3  4287.4  30374.4    30340  1777923324411  1777923334512
read      254.8   114.2    80.4   137.9   153.4   239.8   280.2   303.0   319.4   340.7   368.0   411.0   529.5  1233.6  3874.5  30494.8    30345  1777923336028  1777923346136
read      247.9   102.6    74.4   137.3   152.3   237.4   275.0   295.5   310.7   328.0   350.5   388.1   476.6   873.9  3827.4  30287.1    30350  1777923347650  1777923357753
read      257.3   103.8    80.4   143.7   159.1   246.7   285.3   306.2   320.5   339.2   363.3   401.2   501.7   844.8  3665.9  30236.6    30355  1777923359267  1777923369369
read      246.5   100.3    74.4   138.0   152.9   235.7   273.1   293.7   308.9   326.2   348.1   384.0   467.2   800.8  3715.8  30328.5    30360  1777923370883  1777923380994
read      252.8   105.5    80.4   140.8   156.0   240.3   278.6   299.9   315.9   335.6   361.1   399.8   494.2   932.0  3607.9  30322.3    30365  1777923382508  1777923392621
read      383.8   310.7    86.8   150.2   168.4   287.9   363.8   433.8   506.6   606.5   745.8   952.1  1400.0  3473.1  6261.2  30452.7    30370  1777923394135  1777923404238
read      588.7   481.1    86.8   167.8   198.8   462.9   652.0   773.0   858.1   963.1  1109.3  1358.8  2076.1  5977.0  7732.4  30421.0    30375  1777923405753  1777923415861
read      489.9   431.5    80.4   149.3   172.2   344.2   509.8   629.2   724.8   837.1   976.5  1219.8  1865.9  5017.8  7249.2  30342.1    30380  1777923417375  1777923427486
read      411.9   315.3    80.4   145.7   165.6   304.1   429.4   522.9   597.6   687.5   815.0   993.0  1366.8  3171.6  5128.1  30400.4    30385  1777923429001  1777923439102
read      427.8   346.6    80.4   141.5   161.3   303.2   440.1   547.8   634.2   743.5   868.5  1073.7  1518.1  3824.4  6079.1  30367.3    30390  1777923440617  1777923450722
read      444.8   348.8    86.8   149.0   170.4   326.2   468.8   573.1   653.5   760.7   880.4  1076.9  1488.6  4190.4  6240.4  30378.2    30395  1777923452236  1777923462340
read      399.5   310.0    80.4   140.5   160.7   295.4   409.8   499.9   574.5   666.9   794.0   968.5  1334.5  3438.2  6008.1  30305.1    30400  1777923463853  1777923473956
read      337.0   274.4    80.4   138.6   155.3   256.4   314.5   359.9   403.9   487.7   633.4   873.3  1321.3  2758.5  5123.7  30384.0    30405  1777923475471  1777923485583
read      249.8   109.5    80.4   138.2   153.0   235.9   275.4   297.8   314.5   334.1   359.5   398.1   497.6   927.4  3892.8  30336.0    30410  1777923487098  1777923497202
read      251.2   109.0    86.8   137.8   152.5   238.5   277.9   300.6   317.0   336.8   362.0   400.3   492.6   779.9  4165.1  30407.7    30415  1777923498716  1777923508822
read      247.7   106.8    80.4   137.4   152.3   234.7   272.6   294.1   310.3   329.5   354.7   394.9   487.5   868.8  4082.0  30426.3    30420  1777923510335  1777923520440
read      247.5   113.4    80.4   137.8   152.6   234.7   272.0   292.7   308.2   326.1   350.1   390.5   493.4  1115.1  4207.6  30400.0    30425  1777923521954  1777923532058
read      236.4   101.5    80.4   130.3   144.7   224.8   262.2   282.4   296.8   314.6   336.9   371.2   464.9   937.3  3402.1  30427.0    30430  1777923533571  1777923543678
read      243.0    99.1    80.4   134.1   149.5   231.7   269.7   290.8   306.2   323.5   345.9   383.7   472.4   781.9  3217.9  30477.2    30435  1777923545192  1777923555296
read      247.4   107.9    80.4   133.6   149.3   233.8   273.9   296.6   313.5   333.4   358.8   397.2   488.0  1031.3  3626.8  30538.6    30440  1777923556808  1777923566912
read      251.5   106.0    80.4   137.5   153.2   237.5   276.5   299.3   316.4   337.0   363.5   403.3   504.6   878.2  3085.0  30447.7    30445  1777923568426  1777923578527
read      245.9   102.1    80.4   140.1   154.2   233.3   270.7   291.7   307.1   324.5   347.1   385.7   486.7   894.0  3480.5  30357.2    30450  1777923580041  1777923590144
read      248.2   110.5    74.4   134.4   150.7   235.8   274.2   295.1   310.8   329.2   353.8   393.9   500.9  1018.1  4057.4  30517.5    30455  1777923591659  1777923601772
read      262.2   126.9    80.4   145.7   161.1   248.5   289.5   312.4   329.0   348.1   373.1   414.1   514.8  1030.9  4728.8  30519.7    30460  1777923603284  1777923613394
read      261.3   124.0    74.4   141.0   156.9   245.0   287.0   311.3   329.4   351.1   379.3   424.0   541.9  1228.0  3892.9  30518.6    30465  1777923614911  1777923625021
read      252.8   104.9    80.4   140.0   156.1   239.9   277.9   299.3   315.6   335.3   361.0   400.5   501.1   975.2  3247.9  30512.6    30470  1777923626536  1777923636642
read      247.1   105.9    74.4   138.0   153.4   233.7   271.3   292.8   308.8   327.5   352.8   394.4   492.4   831.6  3727.0  30387.4    30475  1777923638157  1777923648266
read      243.5   107.4    80.4   133.2   149.0   231.3   269.1   290.5   306.4   325.2   350.0   389.1   471.2   780.2  3453.0  30437.7    30480  1777923649780  1777923659886
read      250.4   108.0    80.4   141.4   156.8   237.0   274.4   295.7   311.8   330.9   355.9   396.3   492.2   870.4  4126.0  30494.1    30485  1777923661399  1777923671504
read      247.1   108.6    80.4   134.6   150.2   234.2   272.7   294.2   310.4   329.5   354.5   394.9   495.6   955.6  3801.5  30373.9    30490  1777923673019  1777923683119
read      256.5   107.7    80.4   140.4   156.2   243.3   282.5   304.8   320.6   341.4   368.2   410.2   518.7  1018.7  3424.3  30514.0    30495  1777923684632  1777923694745
read      257.4   111.0    86.8   141.7   157.1   243.2   283.4   305.9   321.9   342.4   368.5   410.0   534.7  1095.3  3523.0  30537.6    30500  1777923696261  1777923706363
Warning! Detected max cpu usage > 95%
CPU Usage Stats (avg/min/max): 85.03%,37.19%,100.00%
